0,3,16
1,12,6
2,9,6
3,2,17
4,19,20
5,6,2
6,20,19
7,19,1
8,14,6
9,19,7
10,5,13
11,17,8
12,18,14
13,12,5
14,10,17
15,4,13
16,3,5
17,5,2
18,1,15
19,3,15
20,16,11
21,7,13
22,16,3
23,6,6
24,10,18
25,6,3
26,12,16
27,11,16
28,4,13
29,14,2
30,11,1
31,17,5
32,12,9
33,18,5
34,14,13
35,13,13
36,18,19
37,10,10
38,2,18
39,18,4
40,2,2
41,4,14
42,9,14
43,3,7
44,1,16
45,20,5
46,7,4
47,7,3
48,6,14
49,4,9
50,17,3
51,9,8
52,11,6
53,15,9
54,16,4
55,20,19
56,16,10
57,11,6
58,13,18
59,13,15
60,16,20
61,7,7
62,19,17
63,3,19
64,3,2
65,12,18
66,8,2
67,3,12
68,20,7
69,9,2
70,5,8
71,15,7
72,10,7
73,20,6
74,14,14
75,11,14
76,7,15
77,17,12
78,7,3
79,10,15
80,8,16
81,15,1
82,10,2
83,3,3
84,4,6
85,18,10
86,1,3
87,12,14
88,12,5
89,10,15
90,2,3
91,12,5
92,17,3
93,13,7
94,15,14
95,16,7
96,7,13
97,3,15
98,5,20
99,2,4
100,20,16
101,16,16
102,20,5
103,5,8
104,5,1
105,10,14
106,19,14
107,7,3
108,8,13
109,15,17
110,16,6
111,10,16
112,20,11
113,15,10
114,17,16
115,3,14
116,3,4
117,20,9
118,20,9
119,9,9
120,11,15
121,13,7
122,3,4
123,12,1
124,12,9
125,18,12
126,10,8
127,9,7
128,18,12
129,18,4
130,13,16
131,4,12
132,17,16
133,15,1
134,1,9
135,3,7
136,11,10
137,8,8
138,13,1
139,17,10
140,15,18
141,7,6
142,18,15
143,4,4
144,6,15
145,19,13
146,17,14
147,15,4
148,1,13
149,6,20
150,18,17
151,10,13
152,18,9
153,10,16
154,18,2
155,3,17
156,15,16
157,12,5
158,9,14
159,8,7
160,19,19
161,12,2
162,11,16
163,12,12
164,15,11
165,8,12
166,6,7
167,1,2
168,2,7
169,18,10
170,19,9
171,12,6
172,18,5
173,20,2
174,3,12
175,13,14
176,8,14
177,12,5
178,11,15
179,17,13
180,7,15
181,5,13
182,15,13
183,6,7
184,2,2
185,15,6
186,12,12
187,4,20
188,20,16
189,8,9
190,3,9
191,17,8
192,18,15
193,9,6
194,16,12
195,15,7
196,8,8
197,8,9
198,11,2
199,15,11
200,14,12
201,18,17
202,9,11
203,7,12
204,14,3
205,4,12
206,4,3
207,11,8
208,5,17
209,13,16
210,15,12
211,1,11
212,18,16
213,11,8
214,18,5
215,2,11
216,20,12
217,17,18
218,9,7
219,2,19
220,13,11
221,1,15
222,14,2
223,14,10
224,15,9
225,6,12
226,20,17
227,20,14
228,16,20
229,1,20
230,18,3
231,13,7
232,12,3
233,20,15
234,8,14
235,17,4
236,13,6
237,5,6
238,16,5
239,6,19
240,4,4
241,6,3
242,8,3
243,8,3
244,10,16
245,14,14
246,9,3
247,9,2
248,13,10
249,4,3
250,5,4
251,11,18
252,10,5
253,9,15
254,4,18
255,14,15
256,15,12
257,14,12
258,17,15
259,20,3
260,11,17
261,14,13
262,2,4
263,13,5
264,13,1
265,2,8
266,1,4
267,12,19
268,9,10
269,10,7
270,20,5
271,1,13
272,16,8
273,11,10
274,1,8
275,6,12
276,11,10
277,4,15
278,6,15
279,12,10
280,7,7
281,3,3
282,13,9
283,20,15
284,7,10
285,1,19
286,4,13
287,20,13
288,16,11
289,1,19
290,2,20
291,16,9
292,16,11
293,19,7
294,11,15
295,11,11
296,15,9
297,8,3
298,20,14
299,3,19
300,4,4
301,3,16
302,10,19
303,18,3
304,10,6
305,19,10
306,7,19
307,3,14
308,2,20
309,15,1
310,19,7
311,6,12
312,13,19
313,12,18
314,12,2
315,19,4
316,18,20
317,16,6
318,5,7
319,15,20
320,20,8
321,2,8
322,12,1
323,13,6
324,3,7
325,15,14
326,20,3
327,3,8
328,3,14
329,19,9
330,18,11
331,20,17
332,7,4
333,15,16
334,11,12
335,12,18
336,7,4
337,14,20
338,20,16
339,10,4
340,11,16
341,7,6
342,20,19
343,16,8
344,6,6
345,6,13
346,14,16
347,16,9
348,16,5
349,17,9
350,18,5
351,8,4
352,11,13
353,16,6
354,17,6
355,8,3
356,3,8
357,16,8
358,6,13
359,19,8
360,2,7
361,13,7
362,9,13
363,2,6
364,1,20
365,16,14
366,3,7
367,2,5
368,11,11
369,5,16
370,2,6
371,14,6
372,17,20
373,13,3
374,7,14
375,9,14
376,8,6
377,7,3
378,5,15
379,19,6
380,5,8
381,14,18
382,1,15
383,8,14
384,2,9
385,3,10
386,15,7
387,7,9
388,18,19
389,19,17
390,10,5
391,9,8
392,19,17
393,14,19
394,6,8
395,20,1
396,15,13
397,2,1
398,17,18
399,7,6
400,1,18
401,6,17
402,2,16
403,9,10
404,4,6
405,4,6
406,12,7
407,8,8
408,12,6
409,14,9
410,5,11
411,19,11
412,14,6
413,11,20
414,8,13
415,17,1
416,8,1
417,7,14
418,7,8
419,7,19
420,20,7
421,6,7
422,14,12
423,16,5
424,14,1
425,14,12
426,12,5
427,9,17
428,19,8
429,14,18
430,2,17
431,12,12
432,8,5
433,8,9
434,9,20
435,6,6
436,4,5
437,14,15
438,14,7
439,12,7
440,9,15
441,8,8
442,8,9
443,11,10
444,13,6
445,9,17
446,19,6
447,18,5
448,18,6
449,16,9
450,1,4
451,3,7
452,19,19
453,3,11
454,2,15
455,13,10
456,9,11
457,13,17
458,18,19
459,12,11
460,10,7
461,15,17
462,11,6
463,7,10
464,7,15
465,14,12
466,10,17
467,15,7
468,11,4
469,8,20
470,15,14
471,14,17
472,3,6
473,13,15
474,3,9
475,9,15
476,11,20
477,2,12
478,2,18
479,12,14
480,7,10
481,15,8
482,1,17
483,18,2
484,9,8
485,13,12
486,20,3
487,3,15
488,20,2
489,8,15
490,1,2
491,5,18
492,9,3
493,14,19
494,14,14
495,9,7
496,1,2
497,19,6
498,5,18
499,9,15
500,11,4
501,14,4
502,15,13
503,4,2
504,20,5
505,20,13
506,15,13
507,5,3
508,8,1
509,1,1
510,10,13
511,12,19
512,9,20
513,4,17
514,11,8
515,11,12
516,13,12
517,12,13
518,20,18
519,16,9
520,6,5
521,9,7
522,14,9
523,16,8
524,3,9
525,2,4
526,17,14
527,4,14
528,11,13
529,2,4
530,6,20
531,9,5
532,16,10
533,16,20
534,7,19
535,8,3
536,12,4
537,3,20
538,5,17
539,8,4
540,12,4
541,15,13
542,8,17
543,12,2
544,19,6
545,2,15
546,11,4
547,11,16
548,11,8
549,6,14
550,4,14
551,15,14
552,16,8
553,12,6
554,19,9
555,12,19
556,19,6
557,7,5
558,14,1
559,5,17
560,15,4
561,10,20
562,12,16
563,19,7
564,16,16
565,17,11
566,1,6
567,8,5
568,17,8
569,9,3
570,18,18
571,11,14
572,8,7
573,5,12
574,6,2
575,2,8
576,10,11
577,17,12
578,20,5
579,16,18
580,8,1
581,5,1
582,7,14
583,10,15
584,17,16
585,14,2
586,18,3
587,20,2
588,16,3
589,13,2
590,17,3
591,1,5
592,1,2
593,2,14
594,2,6
595,1,15
596,4,8
597,14,4
598,1,19
599,2,17
600,14,1
601,15,8
602,17,3
603,12,6
604,13,7
605,19,3
606,8,6
607,20,20
608,20,9
609,12,9
610,4,5
611,18,15
612,19,4
613,17,19
614,6,7
615,6,11
616,5,12
617,16,3
618,18,15
619,13,11
620,10,19
621,15,3
622,1,3
623,5,9
624,11,10
625,14,3
626,17,13
627,4,6
628,11,13
629,7,18
630,19,17
631,10,7
632,9,9
633,3,14
634,6,15
635,7,2
636,5,1
637,19,15
638,15,2
639,16,3
640,19,16
641,17,20
642,5,14
643,1,11
644,16,12
645,10,11
646,17,18
647,3,20
648,14,19
649,1,16
650,8,12
651,15,10
652,8,1
653,6,3
654,1,10
655,18,13
656,4,19
657,18,10
658,9,5
659,13,12
660,17,11
661,1,15
662,20,1
663,1,3
664,9,11
665,15,7
666,13,6
667,8,7
668,1,6
669,19,19
670,18,8
671,16,12
672,1,8
673,3,1
674,9,7
675,5,16
676,1,18
677,4,14
678,15,13
679,5,14
680,9,6
681,20,6
682,18,9
683,5,16
684,17,18
685,11,12
686,15,17
687,14,14
688,16,3
689,6,9
690,7,13
691,6,17
692,15,19
693,1,6
694,11,19
695,6,12
696,17,7
697,19,3
698,20,3
699,20,12
700,16,9
701,17,14
702,18,18
703,11,17
704,8,9
705,7,15
706,18,6
707,7,16
708,20,7
709,7,14
710,2,11
711,20,20
712,3,15
713,15,8
714,14,7
715,16,19
716,15,1
717,4,10
718,2,3
719,20,11
720,19,11
721,2,20
722,6,5
723,18,6
724,13,1
725,6,14
726,3,5
727,20,1
728,8,6
729,8,14
730,17,3
731,14,8
732,20,14
733,4,4
734,14,12
735,19,8
736,2,1
737,8,13
738,16,3
739,11,20
740,1,3
741,11,7
742,11,7
743,5,4
744,1,12
745,1,6
746,4,3
747,7,18
748,18,3
749,19,12
750,1,7
751,4,4
752,17,2
753,14,17
754,10,8
755,1,17
756,6,4
757,15,3
758,7,20
759,20,19
760,5,13
761,4,8
762,10,14
763,1,11
764,17,5
765,15,2
766,3,4
767,6,18
768,19,2
769,10,10
770,10,10
771,3,7
772,2,4
773,2,12
774,8,14
775,13,8
776,11,13
777,11,5
778,16,3
779,2,12
780,13,12
781,1,17
782,1,8
783,4,19
784,7,1
785,19,12
786,13,8
787,6,11
788,4,16
789,18,19
790,11,4
791,4,7
792,9,4
793,17,11
794,4,6
795,2,11
796,15,16
797,7,2
798,18,12
799,18,2
800,12,15
801,10,7
802,16,10
803,9,15
804,19,17
805,18,11
806,1,5
807,20,11
808,7,1
809,1,17
810,6,11
811,19,2
812,7,11
813,17,8
814,7,19
815,11,9
816,7,2
817,12,20
818,8,9
819,11,5
820,12,12
821,15,12
822,16,13
823,3,18
824,10,7
825,8,9
826,14,13
827,19,11
828,18,20
829,17,7
830,2,20
831,6,12
832,13,1
833,10,18
834,11,11
835,16,4
836,15,3
837,14,15
838,15,5
839,15,7
840,12,5
841,4,12
842,17,6
843,11,6
844,14,9
845,7,9
846,3,6
847,14,12
848,3,4
849,17,14
850,12,2
851,20,1
852,6,14
853,11,1
854,3,17
855,19,20
856,4,3
857,7,20
858,18,4
859,11,20
860,10,11
861,3,10
862,8,2
863,6,4
864,8,16
865,1,7
866,20,8
867,4,10
868,12,2
869,13,9
870,10,17
871,17,2
872,16,15
873,2,6
874,5,3
875,8,10
876,19,20
877,12,7
878,7,14
879,3,17
880,2,20
881,14,18
882,7,6
883,18,7
884,14,14
885,8,6
886,15,4
887,9,11
888,10,7
889,19,8
890,7,1
891,13,17
892,1,17
893,5,11
894,14,1
895,19,9
896,3,11
897,8,18
898,18,15
899,2,1
900,18,8
901,9,4
902,11,2
903,1,7
904,12,10
905,5,14
906,17,10
907,1,17
908,10,14
909,20,8
910,1,18
911,18,8
912,17,14
913,19,14
914,16,6
915,11,11
916,17,20
917,16,16
918,2,4
919,19,1
920,17,10
921,10,4
922,1,9
923,10,16
924,16,20
925,5,5
926,18,2
927,3,3
928,7,3
929,4,3
930,12,4
931,4,16
932,6,5
933,4,19
934,12,20
935,2,4
936,7,7
937,2,1
938,8,20
939,4,9
940,6,10
941,18,7
942,9,6
943,4,2
944,4,20
945,18,5
946,2,7
947,2,15
948,6,7
949,7,19
950,9,7
951,13,4
952,19,4
953,7,18
954,4,8
955,16,17
956,16,7
957,14,4
958,11,13
959,6,17
960,18,4
961,9,13
962,13,1
963,18,14
964,13,13
965,12,20
966,19,19
967,15,20
968,17,11
969,14,7
970,1,9
971,10,14
972,9,13
973,3,1
974,12,3
975,15,17
976,12,11
977,2,9
978,15,12
979,18,15
980,16,19
981,19,13
982,6,19
983,5,5
984,4,14
985,20,18
986,9,20
987,9,2
988,2,14
989,15,8
990,18,14
991,9,6
992,19,13
993,4,2
994,7,3
995,7,12
996,11,1
997,15,20
998,6,14
999,14,1
1000,3,1
1001,11,9
1002,1,5
1003,13,1
1004,5,9
1005,12,19
1006,11,9
1007,13,13
1008,18,9
1009,1,16
1010,7,2
1011,15,8
1012,8,14
1013,1,15
1014,15,18
1015,19,17
1016,6,5
1017,8,12
1018,13,11
1019,12,8
1020,19,11
1021,13,5
1022,7,20
1023,9,7
1024,4,11
1025,8,9
1026,17,16
1027,7,6
1028,14,9
1029,3,17
1030,7,13
1031,19,3
1032,18,16
1033,5,12
1034,13,4
1035,19,14
1036,9,1
1037,15,4
1038,4,7
1039,20,13
1040,19,13
1041,8,6
1042,6,4
1043,17,4
1044,20,4
1045,13,12
1046,6,18
1047,12,2
1048,13,15
1049,7,18
1050,13,18
1051,3,18
1052,3,14
1053,19,9
1054,11,19
1055,19,9
1056,8,10
1057,13,13
1058,11,5
1059,11,3
1060,18,11
1061,20,4
1062,19,13
1063,12,18
1064,2,2
1065,7,10
1066,9,19
1067,7,19
1068,10,10
1069,10,20
1070,7,17
1071,19,15
1072,8,12
1073,19,5
1074,9,18
1075,14,6
1076,8,7
1077,12,9
1078,2,14
1079,17,4
1080,9,7
1081,13,20
1082,8,5
1083,14,11
1084,19,4
1085,18,20
1086,4,16
1087,9,2
1088,19,18
1089,10,20
1090,7,1
1091,16,4
1092,1,11
1093,12,16
1094,17,11
1095,16,19
1096,10,17
1097,4,11
1098,19,1
1099,9,3
1100,8,20
1101,15,19
1102,3,2
1103,11,12
1104,20,4
1105,14,7
1106,13,2
1107,17,7
1108,15,3
1109,12,4
1110,4,4
1111,3,7
1112,13,14
1113,19,12
1114,16,11
1115,3,20
1116,11,15
1117,19,9
1118,11,4
1119,6,10
1120,16,11
1121,4,17
1122,20,2
1123,7,13
1124,6,3
1125,2,17
1126,4,1
1127,8,16
1128,5,1
1129,17,6
1130,15,1
1131,14,16
1132,20,11
1133,4,13
1134,9,1
1135,3,19
1136,14,3
1137,12,16
1138,5,19
1139,6,1
1140,19,15
1141,6,13
1142,17,13
1143,6,14
1144,9,7
1145,13,6
1146,2,12
1147,17,1
1148,16,4
1149,15,20
1150,1,8
1151,16,15
1152,9,6
1153,11,5
1154,5,5
1155,6,10
1156,20,20
1157,5,12
1158,1,19
1159,8,18
1160,9,16
1161,19,9
1162,3,2
1163,1,20
1164,16,2
1165,5,20
1166,3,16
1167,17,19
1168,8,2
1169,16,9
1170,5,3
1171,10,2
1172,14,12
1173,14,3
1174,13,9
1175,5,15
1176,6,10
1177,19,13
1178,9,9
1179,8,14
1180,8,7
1181,14,10
1182,6,8
1183,5,7
1184,2,17
1185,2,8
1186,9,4
1187,15,5
1188,13,7
1189,2,20
1190,13,6
1191,6,11
1192,6,14
1193,4,1
1194,2,14
1195,12,17
1196,10,14
1197,1,15
1198,13,9
1199,20,6
1200,12,4
1201,11,17
1202,15,3
1203,18,16
1204,4,19
1205,14,3
1206,18,4
1207,8,15
1208,5,4
1209,11,10
1210,9,10
1211,3,17
1212,4,15
1213,3,4
1214,12,11
1215,14,15
1216,9,20
1217,6,6
1218,4,12
1219,14,4
1220,15,13
1221,15,9
1222,9,6
1223,15,16
1224,16,20
1225,9,7
1226,5,11
1227,7,13
1228,15,13
1229,12,14
1230,7,13
1231,12,7
1232,20,8
1233,11,8
1234,18,1
1235,6,12
1236,12,13
1237,3,1
1238,9,10
1239,14,3
1240,13,8
1241,13,14
1242,8,5
1243,19,5
1244,12,13
1245,12,2
1246,5,14
1247,4,15
1248,10,19
1249,20,2
1250,15,10
1251,16,1
1252,10,11
1253,4,5
1254,9,14
1255,2,17
1256,9,2
1257,17,11
1258,20,2
1259,18,19
1260,11,1
1261,13,13
1262,8,19
1263,9,17
1264,12,6
1265,6,20
1266,16,4
1267,13,14
1268,9,9
1269,5,2
1270,4,6
1271,9,6
1272,6,6
1273,14,8
1274,5,1
1275,14,3
1276,10,20
1277,18,10
1278,10,12
1279,10,12
1280,14,9
1281,6,15
1282,18,6
1283,6,3
1284,1,19
1285,9,20
1286,14,13
1287,2,5
1288,18,2
1289,12,14
1290,18,11
1291,6,3
1292,18,17
1293,16,6
1294,13,9
1295,11,10
1296,2,18
1297,16,19
1298,12,17
1299,3,17
1300,20,6
1301,11,9
1302,18,9
1303,5,15
1304,9,17
1305,3,20
1306,2,7
1307,14,8
1308,11,5
1309,13,14
1310,11,13
1311,10,18
1312,18,16
1313,14,6
1314,2,2
1315,13,18
1316,13,3
1317,5,19
1318,12,6
1319,7,20
1320,14,18
1321,3,18
1322,2,20
1323,13,11
1324,4,2
1325,20,9
1326,18,17
1327,2,1
1328,17,18
1329,6,17
1330,10,19
1331,2,8
1332,18,17
1333,3,16
1334,18,14
1335,8,16
1336,16,1
1337,14,8
1338,4,12
1339,15,4
1340,20,13
1341,17,9
1342,9,4
1343,5,18
1344,5,6
1345,18,4
1346,12,3
1347,15,12
1348,4,5
1349,12,13
1350,7,13
1351,15,17
1352,8,16
1353,18,7
1354,16,16
1355,7,4
1356,1,12
1357,20,10
1358,14,19
1359,8,19
1360,15,8
1361,2,16
1362,13,3
1363,9,6
1364,15,11
1365,13,14
1366,7,9
1367,18,3
1368,11,16
1369,16,13
1370,3,12
1371,19,2
1372,7,12
1373,12,4
1374,12,18
1375,17,13
1376,19,18
1377,4,13
1378,9,17
1379,19,17
1380,2,18
1381,8,20
1382,12,18
1383,1,9
1384,16,9
1385,3,17
1386,14,8
1387,4,7
1388,2,16
1389,20,12
1390,18,1
1391,20,9
1392,18,17
1393,12,3
1394,14,19
1395,15,1
1396,1,12
1397,4,15
1398,2,12
1399,10,2
1400,17,19
1401,4,1
1402,1,4
1403,6,13
1404,19,12
1405,9,20
1406,12,10
1407,1,8
1408,16,2
1409,13,16
1410,2,6
1411,17,15
1412,4,12
1413,16,2
1414,16,5
1415,15,8
1416,8,18
1417,4,16
1418,5,15
1419,18,3
1420,1,20
1421,2,10
1422,8,17
1423,14,13
1424,16,5
1425,7,14
1426,20,9
1427,10,2
1428,9,1
1429,17,14
1430,13,10
1431,13,17
1432,13,2
1433,16,19
1434,13,13
1435,6,14
1436,4,2
1437,3,16
1438,2,7
1439,6,10
1440,3,18
1441,9,15
1442,6,19
1443,6,4
1444,2,15
1445,7,13
1446,16,7
1447,19,3
1448,2,16
1449,9,6
1450,8,7
1451,19,8
1452,4,1
1453,7,20
1454,17,9
1455,12,7
1456,8,10
1457,11,4
1458,9,17
1459,1,20
1460,15,4
1461,7,7
1462,9,1
1463,20,3
1464,6,18
1465,18,17
1466,10,13
1467,1,18
1468,1,17
1469,15,9
1470,3,13
1471,12,11
1472,2,8
1473,8,9
1474,12,10
1475,16,16
1476,14,1
1477,12,20
1478,15,20
1479,12,13
1480,12,11
1481,3,4
1482,16,2
1483,4,11
1484,10,13
1485,19,6
1486,20,16
1487,18,18
1488,18,16
1489,9,12
1490,3,17
1491,15,15
1492,9,10
1493,5,5
1494,8,9
1495,20,20
1496,17,16
1497,16,9
1498,13,12
1499,1,4
1500,18,2
1501,14,17
1502,19,11
1503,12,11
1504,7,4
1505,7,2
1506,8,11
1507,12,3
1508,13,18
1509,20,8
1510,14,16
1511,4,18
1512,16,10
1513,18,3
1514,19,13
1515,12,12
1516,9,5
1517,15,8
1518,8,4
1519,12,5
1520,8,8
1521,5,16
1522,9,3
1523,16,5
1524,8,18
1525,7,20
1526,5,2
1527,8,9
1528,5,3
1529,16,5
1530,20,6
1531,13,7
1532,3,18
1533,13,17
1534,13,2
1535,11,2
1536,5,3
1537,10,19
1538,7,14
1539,17,5
1540,11,16
1541,12,15
1542,6,20
1543,5,3
1544,4,12
1545,13,1
1546,7,6
1547,3,7
1548,5,8
1549,3,2
1550,19,5
1551,15,18
1552,16,10
1553,18,15
1554,15,9
1555,6,5
1556,8,14
1557,17,11
1558,14,18
1559,12,1
1560,17,11
1561,1,9
1562,7,20
1563,18,14
1564,8,16
1565,4,11
1566,9,20
1567,7,5
1568,10,2
1569,14,2
1570,17,3
1571,10,6
1572,20,2
1573,17,18
1574,7,19
1575,2,20
1576,1,5
1577,2,2
1578,6,1
1579,13,15
1580,3,16
1581,9,8
1582,3,8
1583,5,19
1584,18,14
1585,16,18
1586,14,18
1587,8,14
1588,16,13
1589,20,2
1590,20,17
1591,2,16
1592,1,14
1593,17,9
1594,7,15
1595,10,17
1596,17,12
1597,12,18
1598,3,4
1599,16,2
1600,17,3
1601,14,2
1602,17,14
1603,15,15
1604,1,15
1605,3,2
1606,18,13
1607,2,10
1608,11,5
1609,1,3
1610,13,2
1611,20,4
1612,19,9
1613,3,5
1614,3,12
1615,7,7
1616,8,9
1617,18,15
1618,20,8
1619,15,13
1620,13,5
1621,9,10
1622,2,14
1623,6,2
1624,6,6
1625,19,9
1626,16,9
1627,14,20
1628,3,5
1629,8,11
1630,15,6
1631,4,15
1632,12,17
1633,2,18
1634,15,9
1635,19,3
1636,12,20
1637,13,13
1638,7,11
1639,4,16
1640,13,3
1641,17,16
1642,10,17
1643,6,11
1644,7,1
1645,13,6
1646,16,16
1647,6,12
1648,1,11
1649,17,8
1650,18,20
1651,12,6
1652,11,6
1653,3,10
1654,5,18
1655,12,6
1656,7,4
1657,18,20
1658,7,3
1659,15,11
1660,20,5
1661,15,5
1662,12,1
1663,17,1
1664,19,20
1665,18,6
1666,18,7
1667,9,17
1668,4,16
1669,3,4
1670,8,18
1671,13,4
1672,12,10
1673,12,3
1674,6,19
1675,2,2
1676,14,5
1677,1,8
1678,9,5
1679,10,14
1680,5,8
1681,3,17
1682,7,4
1683,8,12
1684,11,1
1685,17,1
1686,12,3
1687,16,4
1688,18,13
1689,2,15
1690,10,3
1691,1,17
1692,1,2
1693,6,14
1694,2,12
1695,19,20
1696,19,9
1697,12,9
1698,13,17
1699,15,18
1700,12,13
1701,18,20
1702,1,3
1703,5,20
1704,16,6
1705,16,14
1706,12,7
1707,12,17
1708,3,17
1709,1,7
1710,9,8
1711,3,5
1712,10,11
1713,20,8
1714,18,11
1715,1,9
1716,11,18
1717,17,9
1718,1,16
1719,8,16
1720,7,1
1721,13,14
1722,10,19
1723,16,6
1724,3,7
1725,4,3
1726,13,10
1727,19,13
1728,10,15
1729,3,5
1730,4,15
1731,10,2
1732,14,19
1733,9,19
1734,15,9
1735,11,15
1736,9,18
1737,20,9
1738,5,18
1739,10,17
1740,8,15
1741,17,9
1742,1,12
1743,2,19
1744,2,7
1745,3,3
1746,4,2
1747,5,6
1748,8,13
1749,12,12
1750,19,11
1751,2,15
1752,9,5
1753,17,10
1754,7,2
1755,19,11
1756,18,19
1757,5,4
1758,16,17
1759,20,8
1760,5,1
1761,9,13
1762,17,10
1763,2,9
1764,3,4
1765,11,15
1766,6,3
1767,19,20
1768,19,3
1769,14,5
1770,1,15
1771,6,18
1772,1,5
1773,8,12
1774,16,12
1775,17,11
1776,9,13
1777,19,1
1778,13,17
1779,8,11
1780,8,7
1781,7,8
1782,5,10
1783,10,18
1784,19,18
1785,5,3
1786,11,5
1787,16,2
1788,11,2
1789,6,9
1790,4,20
1791,8,8
1792,14,8
1793,6,17
1794,5,4
1795,19,8
1796,12,17
1797,19,13
1798,6,17
1799,9,11
1800,20,1
1801,13,11
1802,16,5
1803,11,9
1804,17,1
1805,16,3
1806,2,13
1807,19,2
1808,8,11
1809,20,8
1810,10,18
1811,8,6
1812,11,14
1813,10,20
1814,11,7
1815,12,18
1816,14,16
1817,20,20
1818,20,1
1819,15,8
1820,14,8
1821,7,10
1822,3,20
1823,2,8
1824,18,5
1825,9,6
1826,13,20
1827,2,9
1828,18,6
1829,20,9
1830,15,4
1831,4,4
1832,10,12
1833,15,18
1834,20,7
1835,20,7
1836,7,15
1837,11,20
1838,15,16
1839,7,4
1840,19,9
1841,2,1
1842,4,5
1843,12,1
1844,5,3
1845,11,15
1846,6,15
1847,10,13
1848,16,6
1849,14,14
1850,8,16
1851,1,18
1852,7,19
1853,14,2
1854,19,8
1855,16,4
1856,4,14
1857,16,17
1858,20,6
1859,12,2
1860,4,11
1861,8,11
1862,8,6
1863,15,7
1864,10,8
1865,11,15
1866,11,9
1867,10,19
1868,10,4
1869,2,8
1870,4,5
1871,18,17
1872,12,11
1873,17,13
1874,18,9
1875,16,15
1876,6,7
1877,10,7
1878,5,5
1879,1,20
1880,15,5
1881,6,5
1882,1,17
1883,13,9
1884,9,3
1885,13,2
1886,17,13
1887,18,14
1888,10,3
1889,17,8
1890,20,1
1891,17,11
1892,9,20
1893,8,7
1894,16,2
1895,5,2
1896,15,9
1897,6,5
1898,9,16
1899,3,9
1900,8,13
1901,16,18
1902,11,16
1903,10,2
1904,7,5
1905,11,8
1906,13,12
1907,13,17
1908,19,7
1909,10,6
1910,2,16
1911,13,13
1912,20,17
1913,19,3
1914,13,4
1915,1,20
1916,16,1
1917,6,5
1918,19,17
1919,12,14
1920,10,5
1921,10,3
1922,19,9
1923,13,7
1924,19,9
1925,16,19
1926,13,5
1927,1,11
1928,16,12
1929,5,10
1930,9,13
1931,1,4
1932,17,13
1933,17,5
1934,11,2
1935,16,8
1936,4,20
1937,9,2
1938,6,5
1939,14,4
1940,7,7
1941,20,16
1942,6,1
1943,2,7
1944,16,9
1945,9,18
1946,6,17
1947,18,2
1948,6,13
1949,17,20
1950,16,10
1951,7,13
1952,19,6
1953,17,16
1954,4,7
1955,20,10
1956,19,7
1957,4,3
1958,1,13
1959,18,12
1960,6,4
1961,4,15
1962,4,10
1963,1,1
1964,3,20
1965,11,10
1966,15,2
1967,14,8
1968,10,5
1969,15,4
1970,5,18
1971,17,16
1972,17,19
1973,15,7
1974,15,9
1975,6,1
1976,18,18
1977,17,6
1978,6,7
1979,4,13
1980,6,18
1981,3,14
1982,14,9
1983,19,4
1984,9,4
1985,9,9
1986,8,20
1987,4,13
1988,9,1
1989,20,11
1990,4,11
1991,20,4
1992,19,2
1993,19,9
1994,1,20
1995,14,17
1996,1,11
1997,4,19
1998,7,17
1999,12,14
2000,12,15
2001,7,18
2002,5,6
2003,20,20
2004,4,14
2005,19,18
2006,12,13
2007,3,16
2008,19,17
2009,14,16
2010,15,18
2011,10,11
2012,12,3
2013,18,6
2014,18,18
2015,17,11
2016,9,13
2017,4,5
2018,20,8
2019,10,5
2020,15,18
2021,11,14
2022,3,17
2023,2,16
2024,14,5
2025,14,13
2026,4,19
2027,13,11
2028,11,16
2029,16,6
2030,3,5
2031,5,2
2032,2,7
2033,3,8
2034,13,2
2035,20,7
2036,12,13
2037,17,14
2038,20,17
2039,20,8
2040,12,9
2041,7,13
2042,3,14
2043,9,16
2044,14,6
2045,10,7
2046,9,5
2047,4,19
2048,1,9
2049,17,16
2050,3,12
2051,3,8
2052,6,9
2053,10,2
2054,5,12
2055,2,6
2056,9,4
2057,20,12
2058,1,17
2059,9,15
2060,19,8
2061,3,11
2062,12,6
2063,13,15
2064,12,4
2065,1,9
2066,2,3
2067,19,8
2068,17,14
2069,4,2
2070,2,3
2071,6,8
2072,19,11
2073,1,10
2074,2,20
2075,8,9
2076,20,7
2077,9,3
2078,18,4
2079,6,6
2080,17,2
2081,20,17
2082,14,9
2083,17,10
2084,2,1
2085,5,7
2086,5,17
2087,2,5
2088,8,4
2089,5,19
2090,2,7
2091,15,16
2092,8,16
2093,8,2
2094,8,7
2095,12,8
2096,7,17
2097,16,10
2098,6,3
2099,12,8
2100,15,17
2101,1,4
2102,19,7
2103,17,14
2104,7,16
2105,20,18
2106,7,5
2107,4,12
2108,2,3
2109,18,8
2110,18,10
2111,8,2
2112,16,18
2113,11,2
2114,9,20
2115,3,7
2116,12,14
2117,3,16
2118,3,14
2119,11,7
2120,18,18
2121,15,13
2122,17,15
2123,9,1
2124,16,18
2125,1,4
2126,2,13
2127,16,7
2128,20,20
2129,16,18
2130,17,7
2131,20,16
2132,5,18
2133,6,14
2134,16,19
2135,4,20
2136,19,1
2137,1,20
2138,20,10
2139,2,12
2140,13,19
2141,2,10
2142,18,4
2143,17,16
2144,3,9
2145,4,12
2146,14,3
2147,10,19
2148,3,1
2149,8,1
2150,16,8
2151,19,2
2152,20,4
2153,17,19
2154,13,17
2155,13,13
2156,17,17
2157,5,8
2158,4,2
2159,8,20
2160,17,9
2161,5,2
2162,12,3
2163,8,5
2164,10,6
2165,20,18
2166,7,20
2167,16,15
2168,4,5
2169,14,2
2170,6,16
2171,16,6
2172,5,4
2173,17,4
2174,19,19
2175,7,16
2176,14,2
2177,8,11
2178,7,18
2179,8,3
2180,4,20
2181,19,2
2182,11,10
2183,10,6
2184,16,1
2185,1,1
2186,17,20
2187,3,14
2188,4,7
2189,9,2
2190,17,5
2191,12,1
2192,16,18
2193,17,8
2194,6,13
2195,18,17
2196,17,1
2197,7,9
2198,7,19
2199,4,15
2200,4,14
2201,2,18
2202,19,19
2203,15,12
2204,12,6
2205,20,14
2206,15,5
2207,10,10
2208,6,15
2209,8,5
2210,20,2
2211,7,10
2212,13,9
2213,20,15
2214,8,10
2215,17,14
2216,13,3
2217,5,5
2218,19,10
2219,6,8
2220,11,16
2221,7,5
2222,10,9
2223,1,14
2224,7,1
2225,8,14
2226,7,12
2227,18,1
2228,16,8
2229,5,15
2230,9,11
2231,16,15
2232,2,19
2233,8,16
2234,2,5
2235,2,9
2236,5,3
2237,3,2
2238,18,11
2239,20,13
2240,14,3
2241,1,1
2242,16,11
2243,18,7
2244,11,7
2245,11,11
2246,12,16
2247,11,10
2248,2,5
2249,17,18
2250,8,17
2251,3,6
2252,15,5
2253,5,4
2254,1,12
2255,14,5
2256,19,5
2257,20,13
2258,10,9
2259,14,7
2260,9,11
2261,16,5
2262,15,3
2263,2,20
2264,16,15
2265,6,13
2266,12,20
2267,3,15
2268,2,12
2269,1,19
2270,3,4
2271,12,12
2272,2,14
2273,6,6
2274,11,8
2275,2,5
2276,2,2
2277,11,18
2278,15,16
2279,18,16
2280,9,9
2281,16,5
2282,15,12
2283,3,4
2284,12,4
2285,15,11
2286,19,18
2287,9,17
2288,2,6
2289,6,14
2290,3,3
2291,6,7
2292,20,1
2293,13,13
2294,17,6
2295,12,14
2296,11,11
2297,5,16
2298,11,8
2299,1,15
2300,19,17
2301,9,20
2302,1,6
2303,7,3
2304,15,15
2305,15,18
2306,11,13
2307,7,5
2308,3,3
2309,6,10
2310,8,7
2311,4,17
2312,13,2
2313,20,14
2314,10,7
2315,19,17
2316,4,9
2317,2,11
2318,18,5
2319,4,13
2320,15,8
2321,19,16
2322,8,3
2323,14,19
2324,10,20
2325,4,12
2326,11,6
2327,5,7
2328,5,7
2329,18,1
2330,10,14
2331,5,11
2332,17,6
2333,20,8
2334,18,7
2335,6,19
2336,10,15
2337,8,13
2338,5,7
2339,18,3
2340,1,17
2341,8,12
2342,15,12
2343,9,5
2344,6,20
2345,10,10
2346,3,12
2347,8,10
2348,15,8
2349,8,6
2350,17,3
2351,9,6
2352,20,9
2353,12,8
2354,11,10
2355,15,20
2356,1,17
2357,13,1
2358,20,9
2359,17,4
2360,9,11
2361,6,9
2362,1,16
2363,4,5
2364,12,9
2365,18,5
2366,7,2
2367,3,5
2368,9,19
2369,1,3
2370,3,16
2371,4,13
2372,12,20
2373,17,9
2374,17,20
2375,9,1
2376,13,12
2377,16,17
2378,20,8
2379,8,18
2380,2,1
2381,4,2
2382,6,17
2383,5,14
2384,19,6
2385,20,4
2386,7,12
2387,15,18
2388,2,6
2389,1,19
2390,2,13
2391,18,17
2392,9,16
2393,20,7
2394,1,9
2395,15,1
2396,14,9
2397,2,7
2398,5,4
2399,4,12
2400,12,6
2401,13,7
2402,7,13
2403,6,1
2404,8,6
2405,3,6
2406,1,20
2407,19,17
2408,14,2
2409,16,16
2410,4,7
2411,19,12
2412,13,15
2413,2,10
2414,7,16
2415,10,2
2416,13,4
2417,17,6
2418,15,5
2419,19,19
2420,4,7
2421,2,5
2422,7,7
2423,11,13
2424,13,3
2425,16,19
2426,20,5
2427,1,11
2428,1,20
2429,14,19
2430,15,13
2431,7,7
2432,9,7
2433,12,13
2434,20,13
2435,5,14
2436,4,13
2437,12,6
2438,16,10
2439,4,19
2440,10,2
2441,2,17
2442,6,6
2443,6,11
2444,5,18
2445,4,10
2446,5,10
2447,13,1
2448,4,14
2449,14,6
2450,9,8
2451,12,9
2452,20,13
2453,19,10
2454,4,6
2455,17,10
2456,3,19
2457,16,5
2458,4,17
2459,15,9
2460,8,12
2461,20,8
2462,3,1
2463,11,17
2464,16,7
2465,5,8
2466,5,4
2467,16,9
2468,6,4
2469,19,13
2470,18,14
2471,17,9
2472,20,4
2473,8,18
2474,10,11
2475,11,14
2476,2,16
2477,15,13
2478,19,6
2479,2,4
2480,2,13
2481,3,13
2482,18,6
2483,8,6
2484,19,12
2485,5,3
2486,19,16
2487,6,10
2488,2,18
2489,14,9
2490,6,2
2491,15,19
2492,19,2
2493,13,2
2494,13,10
2495,9,13
2496,5,4
2497,4,2
2498,8,10
2499,19,20
2500,16,8
2501,4,13
2502,2,6
2503,20,11
2504,20,17
2505,15,14
2506,10,6
2507,4,14
2508,5,12
2509,19,13
2510,4,17
2511,16,20
2512,4,14
2513,13,5
2514,16,11
2515,11,2
2516,1,13
2517,2,13
2518,14,9
2519,10,10
2520,8,16
2521,20,10
2522,4,14
2523,8,1
2524,17,11
2525,10,8
2526,8,16
2527,1,10
2528,13,6
2529,17,9
2530,7,16
2531,13,14
2532,4,20
2533,8,4
2534,12,14
2535,16,1
2536,13,11
2537,13,8
2538,20,4
2539,1,7
2540,17,4
2541,10,12
2542,14,20
2543,3,17
2544,12,18
2545,4,3
2546,20,4
2547,4,4
2548,2,3
2549,19,6
2550,20,1
2551,18,10
2552,16,8
2553,4,7
2554,5,7
2555,19,16
2556,1,12
2557,16,9
2558,10,20
2559,9,11
2560,12,19
2561,9,10
2562,1,6
2563,7,6
2564,16,3
2565,15,1
2566,14,3
2567,18,18
2568,13,20
2569,9,3
2570,1,9
2571,12,20
2572,19,10
2573,12,15
2574,19,11
2575,18,14
2576,6,2
2577,13,13
2578,18,12
2579,19,9
2580,17,17
2581,13,16
2582,9,14
2583,16,10
2584,18,16
2585,3,8
2586,2,2
2587,11,5
2588,6,13
2589,13,17
2590,16,17
2591,16,7
2592,19,2
2593,3,14
2594,18,2
2595,9,17
2596,20,3
2597,4,5
2598,16,8
2599,7,12
2600,7,6
2601,15,16
2602,15,8
2603,8,20
2604,1,10
2605,10,19
2606,15,1
2607,15,17
2608,10,13
2609,4,3
2610,12,17
2611,8,19
2612,13,9
2613,14,8
2614,17,6
2615,4,12
2616,4,20
2617,4,13
2618,5,5
2619,10,18
2620,8,3
2621,8,6
2622,17,2
2623,6,10
2624,18,19
2625,11,13
2626,17,1
2627,10,11
2628,5,10
2629,14,16
2630,10,6
2631,16,19
2632,7,20
2633,15,2
2634,4,9
2635,10,2
2636,12,7
2637,9,4
2638,8,6
2639,9,10
2640,11,19
2641,14,13
2642,8,3
2643,10,7
2644,8,10
2645,11,12
2646,16,1
2647,11,15
2648,11,2
2649,4,5
2650,2,20
2651,11,18
2652,2,8
2653,15,10
2654,12,5
2655,3,18
2656,5,3
2657,8,8
2658,4,6
2659,5,19
2660,4,14
2661,9,3
2662,15,20
2663,2,2
2664,11,1
2665,16,3
2666,11,9
2667,14,2
2668,4,17
2669,20,13
2670,2,2
2671,7,9
2672,15,16
2673,19,13
2674,19,15
2675,1,17
2676,18,7
2677,8,5
2678,16,19
2679,16,19
2680,13,12
2681,7,6
2682,1,9
2683,5,1
2684,1,14
2685,13,3
2686,15,1
2687,16,11
2688,15,19
2689,4,9
2690,6,17
2691,7,6
2692,5,15
2693,15,19
2694,14,6
2695,15,17
2696,17,17
2697,8,14
2698,7,18
2699,12,20
2700,4,11
2701,1,17
2702,3,20
2703,4,5
2704,6,14
2705,4,17
2706,2,1
2707,4,11
2708,13,12
2709,17,19
2710,9,11
2711,10,17
2712,19,16
2713,3,8
2714,19,13
2715,2,2
2716,2,14
2717,10,1
2718,10,18
2719,10,4
2720,8,15
2721,3,10
2722,3,9
2723,2,5
2724,18,5
2725,14,7
2726,15,2
2727,14,10
2728,7,20
2729,6,7
2730,5,19
2731,1,7
2732,19,8
2733,14,15
2734,5,2
2735,7,19
2736,7,12
2737,2,1
2738,9,15
2739,1,7
2740,2,4
2741,17,10
2742,15,10
2743,12,7
2744,15,16
2745,6,7
2746,3,13
2747,10,5
2748,15,18
2749,6,8
2750,7,5
2751,3,13
2752,16,8
2753,2,5
2754,6,8
2755,8,2
2756,10,18
2757,12,5
2758,17,16
2759,1,20
2760,1,20
2761,12,13
2762,11,10
2763,9,9
2764,18,16
2765,1,7
2766,15,10
2767,2,5
2768,8,6
2769,20,7
2770,13,4
2771,5,4
2772,19,16
2773,19,18
2774,18,10
2775,15,15
2776,12,14
2777,3,9
2778,12,8
2779,6,3
2780,16,20
2781,20,16
2782,7,10
2783,18,11
2784,19,19
2785,4,2
2786,15,9
2787,1,12
2788,10,8
2789,8,12
2790,10,12
2791,3,10
2792,1,10
2793,8,16
2794,5,10
2795,9,2
2796,14,16
2797,17,10
2798,11,12
2799,20,18
2800,13,7
2801,16,6
2802,20,9
2803,16,3
2804,7,12
2805,20,13
2806,1,7
2807,7,13
2808,13,16
2809,13,4
2810,1,16
2811,7,12
2812,15,3
2813,12,16
2814,3,19
2815,20,18
2816,13,1
2817,12,12
2818,18,18
2819,1,20
2820,8,17
2821,8,8
2822,11,18
2823,18,19
2824,12,12
2825,13,14
2826,8,1
2827,19,11
2828,11,2
2829,17,2
2830,4,5
2831,7,12
2832,12,13
2833,7,17
2834,11,7
2835,14,14
2836,11,13
2837,20,20
2838,10,8
2839,6,15
2840,7,6
2841,8,11
2842,4,10
2843,19,3
2844,14,6
2845,11,8
2846,2,7
2847,10,9
2848,1,5
2849,8,9
2850,4,11
2851,16,11
2852,4,17
2853,16,19
2854,3,6
2855,2,16
2856,11,13
2857,13,14
2858,12,15
2859,5,16
2860,6,6
2861,19,18
2862,5,11
2863,17,13
2864,11,2
2865,7,3
2866,11,20
2867,12,12
2868,8,17
2869,4,11
2870,15,3
2871,10,20
2872,8,11
2873,18,20
2874,6,2
2875,15,5
2876,12,1
2877,16,20
2878,4,19
2879,9,19
2880,12,17
2881,14,16
2882,4,1
2883,18,20
2884,20,13
2885,12,14
2886,4,6
2887,13,5
2888,16,6
2889,11,16
2890,5,15
2891,11,15
2892,2,2
2893,7,13
2894,5,5
2895,3,13
2896,13,13
2897,12,20
2898,13,7
2899,17,3
2900,17,2
2901,2,1
2902,1,17
2903,8,13
2904,18,10
2905,6,1
2906,20,19
2907,4,7
2908,9,17
2909,3,11
2910,9,20
2911,15,9
2912,12,2
2913,5,18
2914,6,12
2915,16,19
2916,17,4
2917,5,9
2918,7,3
2919,2,10
2920,15,8
2921,3,7
2922,3,20
2923,14,14
2924,2,1
2925,4,3
2926,7,13
2927,9,13
2928,13,10
2929,7,16
2930,8,3
2931,16,18
2932,5,19
2933,1,8
2934,6,5
2935,4,4
2936,6,9
2937,17,1
2938,15,17
2939,1,7
2940,19,2
2941,12,2
2942,10,6
2943,15,9
2944,3,11
2945,9,12
2946,11,13
2947,15,2
2948,12,4
2949,8,19
2950,9,10
2951,8,8
2952,4,9
2953,2,6
2954,6,1
2955,3,13
2956,9,6
2957,7,15
2958,7,6
2959,5,5
2960,1,7
2961,20,13
2962,7,4
2963,6,7
2964,13,15
2965,1,13
2966,10,4
2967,8,12
2968,3,10
2969,2,7
2970,11,18
2971,11,10
2972,11,10
2973,12,2
2974,1,4
2975,11,2
2976,9,4
2977,8,17
2978,12,17
2979,7,1
2980,6,18
2981,3,2
2982,4,16
2983,12,9
2984,12,18
2985,18,16
2986,16,9
2987,2,16
2988,13,19
2989,20,4
2990,8,1
2991,8,3
2992,9,19
2993,19,18
2994,7,14
2995,4,9
2996,11,16
2997,8,7
2998,13,19
2999,4,12
3000,14,17
3001,15,11
3002,10,20
3003,10,3
3004,17,13
3005,7,9
3006,9,7
3007,19,16
3008,1,9
3009,16,18
3010,6,20
3011,10,1
3012,16,9
3013,10,8
3014,20,6
3015,16,6
3016,19,2
3017,20,17
3018,8,3
3019,7,12
3020,15,12
3021,4,14
3022,13,6
3023,17,12
3024,18,2
3025,7,8
3026,10,6
3027,1,19
3028,1,3
3029,15,10
3030,5,10
3031,6,8
3032,13,5
3033,17,13
3034,9,15
3035,17,20
3036,6,6
3037,5,20
3038,1,16
3039,8,4
3040,3,17
3041,7,15
3042,12,1
3043,18,9
3044,15,14
3045,8,1
3046,3,17
3047,8,5
3048,3,2
3049,12,4
3050,16,16
3051,5,16
3052,15,20
3053,6,11
3054,9,1
3055,11,3
3056,7,1
3057,16,19
3058,13,20
3059,10,9
3060,2,9
3061,6,6
3062,19,13
3063,18,13
3064,10,3
3065,11,17
3066,7,10
3067,3,11
3068,5,18
3069,4,12
3070,18,2
3071,13,2
3072,16,6
3073,6,1
3074,3,19
3075,7,1
3076,11,10
3077,17,8
3078,15,16
3079,10,2
3080,13,8
3081,20,10
3082,11,9
3083,10,14
3084,15,20
3085,4,1
3086,7,17
3087,1,13
3088,5,13
3089,9,16
3090,7,15
3091,10,19
3092,4,17
3093,12,4
3094,16,11
3095,1,17
3096,18,2
3097,8,18
3098,15,6
3099,20,8
3100,9,4
3101,20,10
3102,8,7
3103,11,20
3104,2,14
3105,5,1
3106,2,8
3107,19,16
3108,11,10
3109,10,13
3110,8,8
3111,8,12
3112,14,12
3113,12,3
3114,1,2
3115,2,18
3116,4,10
3117,4,10
3118,16,19
3119,2,8
3120,2,18
3121,7,5
3122,6,11
3123,9,11
3124,10,13
3125,13,17
3126,1,15
3127,19,20
3128,9,6
3129,17,20
3130,20,7
3131,6,18
3132,19,12
3133,13,20
3134,3,19
3135,20,4
3136,20,18
3137,4,7
3138,8,1
3139,14,18
3140,5,18
3141,19,5
3142,2,12
3143,4,3
3144,14,9
3145,14,5
3146,14,8
3147,19,18
3148,12,5
3149,11,13
3150,11,6
3151,20,16
3152,1,19
3153,19,18
3154,16,17
3155,2,10
3156,11,16
3157,8,9
3158,12,6
3159,16,16
3160,15,9
3161,3,13
3162,13,20
3163,9,19
3164,4,19
3165,7,14
3166,14,19
3167,4,18
3168,16,5
3169,1,9
3170,11,19
3171,8,8
3172,18,10
3173,12,13
3174,17,9
3175,13,15
3176,8,11
3177,12,17
3178,5,17
3179,12,16
3180,4,10
3181,7,12
3182,12,13
3183,1,7
3184,13,19
3185,2,14
3186,18,20
3187,20,13
3188,13,10
3189,17,4
3190,5,14
3191,2,8
3192,19,10
3193,1,9
3194,19,12
3195,6,10
3196,8,19
3197,8,16
3198,14,5
3199,18,9
3200,20,7
3201,14,12
3202,18,16
3203,13,5
3204,5,8
3205,10,19
3206,8,5
3207,11,15
3208,2,2
3209,20,18
3210,8,6
3211,18,12
3212,6,6
3213,7,7
3214,17,16
3215,7,16
3216,17,20
3217,4,4
3218,12,17
3219,1,14
3220,11,5
3221,17,7
3222,15,2
3223,11,6
3224,7,11
3225,4,6
3226,14,12
3227,1,1
3228,8,4
3229,6,11
3230,12,8
3231,10,7
3232,8,9
3233,19,10
3234,11,17
3235,6,3
3236,3,1
3237,18,3
3238,2,7
3239,4,16
3240,8,6
3241,13,10
3242,3,1
3243,19,7
3244,16,16
3245,2,1
3246,11,16
3247,14,3
3248,3,1
3249,15,13
3250,18,10
3251,11,3
3252,16,4
3253,13,17
3254,10,19
3255,2,12
3256,20,19
3257,14,17
3258,2,18
3259,3,11
3260,13,15
3261,5,19
3262,4,7
3263,14,20
3264,15,5
3265,6,6
3266,5,9
3267,5,17
3268,16,19
3269,12,11
3270,6,7
3271,10,4
3272,3,10
3273,3,16
3274,19,6
3275,16,6
3276,18,14
3277,5,9
3278,19,12
3279,16,4
3280,8,4
3281,5,11
3282,2,3
3283,10,20
3284,12,14
3285,13,20
3286,8,11
3287,14,17
3288,13,5
3289,7,8
3290,2,18
3291,15,3
3292,19,15
3293,2,7
3294,15,15
3295,9,20
3296,4,19
3297,15,12
3298,16,20
3299,18,7
3300,17,13
3301,14,15
3302,19,11
3303,16,8
3304,9,19
3305,20,20
3306,18,9
3307,13,20
3308,17,6
3309,13,8
3310,20,4
3311,13,20
3312,2,3
3313,12,16
3314,8,3
3315,9,16
3316,10,11
3317,9,1
3318,2,1
3319,13,14
3320,15,6
3321,15,13
3322,11,11
3323,3,10
3324,20,9
3325,18,4
3326,19,7
3327,13,5
3328,3,19
3329,15,10
3330,7,4
3331,8,6
3332,6,6
3333,3,18
3334,14,14
3335,2,9
3336,17,6
3337,15,10
3338,6,9
3339,3,17
3340,6,3
3341,12,17
3342,2,19
3343,19,9
3344,7,18
3345,1,13
3346,17,15
3347,15,8
3348,15,1
3349,16,6
3350,6,13
3351,17,15
3352,12,16
3353,17,1
3354,14,6
3355,15,18
3356,19,15
3357,12,4
3358,8,16
3359,13,2
3360,11,13
3361,13,19
3362,19,4
3363,1,10
3364,2,14
3365,1,18
3366,11,2
3367,12,8
3368,6,6
3369,14,6
3370,14,1
3371,7,17
3372,18,10
3373,20,5
3374,11,16
3375,4,15
3376,19,1
3377,17,7
3378,8,8
3379,20,2
3380,12,12
3381,1,20
3382,18,6
3383,14,5
3384,16,2
3385,3,9
3386,14,15
3387,1,16
3388,3,5
3389,17,7
3390,4,11
3391,12,18
3392,1,16
3393,4,9
3394,3,11
3395,16,2
3396,9,12
3397,10,19
3398,14,9
3399,17,11
3400,1,11
3401,13,4
3402,20,11
3403,8,12
3404,17,18
3405,8,12
3406,6,2
3407,9,12
3408,18,15
3409,2,9
3410,18,9
3411,12,3
3412,15,5
3413,10,10
3414,2,17
3415,11,20
3416,11,5
3417,8,15
3418,18,20
3419,4,10
3420,19,4
3421,7,2
3422,7,12
3423,6,20
3424,8,12
3425,13,14
3426,3,8
3427,17,20
3428,18,13
3429,2,8
3430,9,13
3431,5,4
3432,16,1
3433,6,7
3434,19,13
3435,11,10
3436,13,18
3437,14,15
3438,7,12
3439,14,12
3440,11,8
3441,9,19
3442,5,15
3443,11,15
3444,20,15
3445,20,11
3446,10,3
3447,2,13
3448,14,16
3449,9,2
3450,9,18
3451,17,13
3452,10,17
3453,17,12
3454,20,4
3455,4,11
3456,13,8
3457,6,10
3458,20,9
3459,6,5
3460,3,12
3461,17,11
3462,5,6
3463,14,12
3464,6,19
3465,7,4
3466,7,7
3467,16,5
3468,12,15
3469,8,11
3470,19,1
3471,7,17
3472,9,10
3473,14,3
3474,12,5
3475,6,7
3476,2,7
3477,4,17
3478,15,13
3479,9,3
3480,18,15
3481,12,14
3482,8,19
3483,12,15
3484,16,15
3485,11,6
3486,9,15
3487,1,9
3488,1,4
3489,19,6
3490,14,6
3491,4,19
3492,12,7
3493,5,6
3494,12,10
3495,2,2
3496,19,14
3497,6,14
3498,10,9
3499,20,15
3500,8,2
3501,12,12
3502,6,3
3503,5,4
3504,13,8
3505,9,2
3506,14,7
3507,4,6
3508,4,2
3509,5,15
3510,17,14
3511,16,14
3512,19,10
3513,1,12
3514,18,9
3515,17,1
3516,10,10
3517,19,16
3518,16,18
3519,18,9
3520,2,7
3521,17,16
3522,16,2
3523,5,10
3524,18,6
3525,6,2
3526,2,8
3527,4,20
3528,18,19
3529,9,18
3530,11,5
3531,17,11
3532,15,5
3533,20,14
3534,14,13
3535,17,11
3536,17,13
3537,11,18
3538,4,13
3539,17,13
3540,14,13
3541,1,13
3542,17,16
3543,5,13
3544,10,11
3545,3,5
3546,12,16
3547,8,4
3548,10,17
3549,13,3
3550,20,2
3551,20,3
3552,16,1
3553,10,2
3554,13,6
3555,20,14
3556,3,3
3557,10,6
3558,13,4
3559,1,6
3560,19,1
3561,13,12
3562,16,8
3563,17,13
3564,20,8
3565,15,17
3566,6,5
3567,8,11
3568,10,5
3569,15,19
3570,16,17
3571,5,1
3572,17,11
3573,13,18
3574,20,18
3575,5,7
3576,9,3
3577,5,4
3578,7,17
3579,13,18
3580,5,2
3581,16,17
3582,12,6
3583,16,9
3584,4,17
3585,15,1
3586,2,6
3587,5,3
3588,19,7
3589,14,18
3590,3,7
3591,9,19
3592,11,1
3593,10,12
3594,9,12
3595,4,9
3596,12,19
3597,11,1
3598,6,8
3599,17,19
3600,17,9
3601,11,20
3602,9,1
3603,7,18
3604,4,20
3605,12,9
3606,5,11
3607,5,4
3608,16,7
3609,17,9
3610,3,5
3611,6,9
3612,17,20
3613,10,6
3614,11,20
3615,15,8
3616,4,7
3617,4,13
3618,11,13
3619,1,17
3620,2,1
3621,20,6
3622,10,1
3623,19,18
3624,1,16
3625,17,2
3626,6,2
3627,8,18
3628,17,7
3629,11,16
3630,15,11
3631,6,4
3632,8,18
3633,5,5
3634,19,12
3635,14,16
3636,16,14
3637,13,5
3638,18,1
3639,10,7
3640,17,18
3641,16,15
3642,20,12
3643,1,11
3644,11,3
3645,15,14
3646,11,6
3647,8,9
3648,20,2
3649,13,16
3650,15,12
3651,12,7
3652,10,5
3653,12,14
3654,9,20
3655,7,12
3656,18,18
3657,7,16
3658,16,8
3659,2,2
3660,3,6
3661,10,11
3662,10,12
3663,18,14
3664,12,13
3665,16,9
3666,1,7
3667,6,13
3668,8,3
3669,4,19
3670,12,19
3671,11,10
3672,12,4
3673,19,18
3674,10,15
3675,15,12
3676,20,10
3677,8,8
3678,5,2
3679,17,9
3680,7,18
3681,2,2
3682,7,2
3683,14,3
3684,12,18
3685,6,17
3686,8,15
3687,4,20
3688,18,14
3689,14,3
3690,19,15
3691,13,7
3692,15,15
3693,10,2
3694,17,3
3695,14,17
3696,13,2
3697,19,15
3698,9,9
3699,19,9
3700,1,8
3701,14,10
3702,2,18
3703,9,3
3704,12,15
3705,5,11
3706,4,5
3707,10,14
3708,11,7
3709,2,18
3710,2,16
3711,10,4
3712,4,15
3713,16,9
3714,10,17
3715,9,4
3716,14,18
3717,16,11
3718,14,15
3719,13,5
3720,3,20
3721,20,4
3722,17,12
3723,12,9
3724,17,15
3725,16,6
3726,14,7
3727,9,6
3728,14,13
3729,2,2
3730,3,4
3731,7,8
3732,11,18
3733,14,3
3734,4,9
3735,16,5
3736,11,6
3737,14,14
3738,5,15
3739,12,18
3740,8,7
3741,16,14
3742,3,17
3743,19,10
3744,11,7
3745,20,19
3746,9,17
3747,19,6
3748,14,6
3749,2,10
3750,8,18
3751,14,2
3752,10,4
3753,18,6
3754,6,10
3755,12,12
3756,14,4
3757,3,4
3758,1,19
3759,8,6
3760,12,7
3761,10,1
3762,17,14
3763,10,4
3764,9,14
3765,14,17
3766,13,7
3767,1,8
3768,8,8
3769,19,7
3770,12,13
3771,2,14
3772,14,3
3773,13,20
3774,6,19
3775,15,12
3776,19,12
3777,3,19
3778,3,9
3779,8,14
3780,8,2
3781,4,3
3782,18,20
3783,8,12
3784,18,2
3785,4,18
3786,16,4
3787,5,5
3788,14,3
3789,5,10
3790,2,15
3791,1,1
3792,8,13
3793,1,13
3794,8,5
3795,7,2
3796,6,2
3797,4,18
3798,5,14
3799,16,4
3800,5,4
3801,6,15
3802,5,8
3803,6,1
3804,1,5
3805,17,14
3806,3,16
3807,14,4
3808,13,13
3809,4,19
3810,9,8
3811,11,11
3812,3,7
3813,9,8
3814,13,4
3815,5,8
3816,18,14
3817,8,16
3818,17,9
3819,8,1
3820,5,9
3821,13,4
3822,19,14
3823,11,17
3824,12,17
3825,14,7
3826,11,10
3827,5,1
3828,19,2
3829,19,8
3830,11,5
3831,10,9
3832,17,1
3833,12,19
3834,6,19
3835,3,5
3836,10,17
3837,8,11
3838,8,9
3839,12,5
3840,2,16
3841,13,6
3842,9,19
3843,17,18
3844,19,8
3845,13,17
3846,15,19
3847,12,6
3848,8,7
3849,11,18
3850,2,6
3851,9,5
3852,19,18
3853,3,7
3854,9,16
3855,8,5
3856,11,8
3857,16,8
3858,10,16
3859,20,19
3860,17,12
3861,20,9
3862,16,9
3863,16,19
3864,1,14
3865,10,18
3866,20,9
3867,7,9
3868,13,19
3869,13,15
3870,6,18
3871,18,12
3872,6,3
3873,17,9
3874,19,7
3875,16,18
3876,4,17
3877,18,1
3878,13,10
3879,14,4
3880,18,19
3881,3,16
3882,14,17
3883,9,10
3884,20,15
3885,15,11
3886,9,6
3887,9,19
3888,13,15
3889,6,13
3890,8,1
3891,8,9
3892,15,18
3893,20,4
3894,5,6
3895,7,16
3896,20,20
3897,6,17
3898,15,9
3899,16,2
3900,2,20
3901,1,16
3902,14,18
3903,19,2
3904,8,10
3905,14,15
3906,15,14
3907,13,11
3908,7,3
3909,16,1
3910,20,2
3911,8,1
3912,18,5
3913,15,8
3914,3,2
3915,13,20
3916,18,10
3917,20,9
3918,2,10
3919,15,15
3920,15,7
3921,1,7
3922,20,1
3923,8,9
3924,2,17
3925,13,18
3926,4,2
3927,19,4
3928,11,20
3929,19,18
3930,3,6
3931,4,6
3932,18,9
3933,8,12
3934,14,1
3935,16,19
3936,14,7
3937,1,5
3938,17,8
3939,19,18
3940,17,15
3941,16,19
3942,7,3
3943,3,19
3944,15,14
3945,15,13
3946,1,6
3947,12,11
3948,15,13
3949,18,2
3950,18,8
3951,20,7
3952,6,13
3953,10,6
3954,16,20
3955,17,12
3956,13,8
3957,16,18
3958,16,11
3959,5,16
3960,1,5
3961,12,2
3962,19,15
3963,9,20
3964,1,8
3965,15,12
3966,16,15
3967,9,5
3968,1,2
3969,15,15
3970,2,20
3971,16,11
3972,4,8
3973,7,11
3974,20,1
3975,19,6
3976,4,10
3977,20,10
3978,5,2
3979,3,6
3980,3,19
3981,1,12
3982,12,13
3983,7,19
3984,18,11
3985,5,6
3986,13,4
3987,10,16
3988,16,6
3989,13,17
3990,13,3
3991,18,19
3992,3,17
3993,14,5
3994,19,18
3995,15,5
3996,8,9
3997,5,10
3998,7,9
3999,20,18
