0,11,6,4
1,11,17,5
2,9,17,14
3,18,12,12
4,15,9,10
5,11,14,1
6,12,16,5
7,10,6,4
8,1,6,7
9,2,18,20
10,1,1,11
11,3,16,20
12,10,3,12
13,4,9,15
14,7,17,1
15,16,14,1
16,13,1,10
17,4,8,12
18,4,14,20
19,20,1,13
20,5,1,3
21,15,5,10
22,13,19,16
23,8,16,8
24,14,15,8
25,8,20,13
26,14,9,13
27,12,5,13
28,14,8,12
29,4,18,13
30,10,1,18
31,12,6,17
32,10,1,7
33,3,5,9
34,15,11,17
35,12,20,3
36,10,1,5
37,4,4,1
38,18,6,12
39,18,12,7
40,9,11,19
41,19,1,7
42,7,10,1
43,5,18,7
44,11,13,17
45,9,5,20
46,7,18,5
47,18,14,8
48,10,16,2
49,6,20,3
50,17,18,8
51,14,14,11
52,13,3,8
53,4,11,13
54,8,12,3
55,15,8,1
56,9,19,9
57,5,10,5
58,1,8,9
59,12,20,11
60,7,18,8
61,20,2,5
62,19,17,19
63,11,1,2
64,1,10,11
65,17,1,13
66,13,13,10
67,10,13,20
68,19,1,10
69,2,15,2
70,5,10,11
71,14,6,7
72,5,7,2
73,11,1,5
74,17,8,16
75,13,7,4
76,5,17,18
77,4,1,6
78,3,4,18
79,15,19,6
80,8,18,11
81,14,11,12
82,14,15,16
83,10,20,8
84,20,17,19
85,3,18,11
86,1,16,8
87,20,5,16
88,3,18,2
89,4,10,12
90,8,8,9
91,16,17,6
92,11,10,15
93,19,14,1
94,4,15,5
95,11,2,18
96,6,13,2
97,19,13,9
98,15,6,13
99,10,20,3
100,5,20,3
101,12,18,7
102,9,18,12
103,15,5,4
104,9,2,4
105,4,20,4
106,15,19,5
107,11,10,19
108,4,9,3
109,16,5,4
110,18,7,11
111,2,3,13
112,20,3,3
113,16,6,20
114,8,7,1
115,10,18,5
116,1,8,6
117,10,12,12
118,14,7,18
119,20,2,5
120,13,8,3
121,7,17,3
122,5,18,4
123,9,12,10
124,20,18,2
125,16,5,6
126,14,15,10
127,14,1,15
128,15,18,19
129,10,19,13
130,10,16,11
131,18,15,2
132,7,18,11
133,17,11,14
134,2,13,3
135,5,17,4
136,12,16,4
137,6,17,13
138,20,10,17
139,9,19,18
140,18,5,14
141,7,17,14
142,8,5,15
143,4,15,15
144,14,14,16
145,6,2,15
146,12,13,8
147,12,11,7
148,13,7,11
149,9,6,10
150,5,20,11
151,8,3,11
152,20,9,17
153,9,14,19
154,14,1,4
155,4,12,7
156,7,3,18
157,8,19,15
158,11,1,15
159,18,11,10
160,11,4,18
161,15,13,18
162,7,12,7
163,5,3,8
164,8,14,2
165,10,15,16
166,13,19,5
167,1,12,9
168,16,3,8
169,11,11,7
170,14,7,18
171,9,17,14
172,16,6,5
173,1,10,11
174,16,7,1
175,4,15,12
176,1,14,16
177,18,16,14
178,4,12,4
179,16,5,9
180,18,2,20
181,10,15,12
182,18,19,9
183,20,10,16
184,12,20,3
185,4,20,20
186,2,5,6
187,7,9,16
188,13,8,15
189,13,11,6
190,10,10,7
191,19,5,3
192,18,15,10
193,3,5,20
194,15,19,7
195,18,4,17
196,11,4,8
197,2,7,12
198,17,9,8
199,20,11,13
200,3,14,13
201,11,1,19
202,13,18,4
203,15,6,17
204,9,9,18
205,8,13,13
206,6,17,19
207,8,7,5
208,17,9,4
209,8,18,17
210,14,14,15
211,15,19,6
212,17,17,10
213,17,19,7
214,18,8,8
215,10,3,9
216,14,13,15
217,7,9,8
218,19,2,10
219,7,2,16
220,11,14,12
221,12,4,12
222,15,16,9
223,17,20,13
224,19,3,9
225,15,14,12
226,15,16,9
227,1,10,6
228,7,9,3
229,20,5,11
230,5,20,6
231,20,5,15
232,16,19,13
233,13,11,17
234,7,6,18
235,3,6,3
236,6,1,10
237,18,14,19
238,10,19,5
239,11,12,17
240,3,20,1
241,8,16,11
242,7,1,13
243,1,11,4
244,15,5,10
245,11,2,6
246,19,5,18
247,19,9,7
248,15,16,4
249,9,3,4
250,19,17,14
251,19,16,3
252,7,5,19
253,16,20,14
254,9,7,17
255,3,3,5
256,5,20,7
257,6,11,8
258,8,4,11
259,1,5,6
260,3,8,3
261,14,10,1
262,11,12,10
263,20,10,20
264,11,10,5
265,11,2,13
266,6,20,7
267,12,3,3
268,17,6,15
269,13,4,9
270,18,9,20
271,19,3,7
272,3,5,5
273,20,6,13
274,16,19,1
275,11,1,12
276,1,19,12
277,11,4,20
278,4,7,17
279,8,13,9
280,2,6,11
281,1,15,10
282,18,8,19
283,4,11,7
284,6,17,16
285,6,4,15
286,2,19,7
287,9,7,3
288,8,4,19
289,15,15,2
290,14,17,10
291,20,19,13
292,17,11,20
293,16,5,8
294,16,19,7
295,16,14,15
296,13,9,17
297,16,13,4
298,4,9,14
299,14,9,11
300,18,2,18
301,20,6,4
302,16,6,8
303,3,20,5
304,5,16,9
305,1,6,4
306,1,7,11
307,7,17,4
308,20,15,1
309,16,8,2
310,18,16,2
311,10,17,1
312,12,3,2
313,16,10,9
314,5,3,2
315,4,5,10
316,19,11,4
317,2,5,5
318,1,14,13
319,17,10,16
320,2,12,11
321,6,4,10
322,10,3,14
323,12,7,17
324,18,17,7
325,13,10,13
326,19,19,18
327,3,19,11
328,11,1,20
329,3,17,19
330,7,14,9
331,9,7,1
332,14,18,17
333,3,6,18
334,2,9,14
335,15,12,10
336,20,17,17
337,11,15,5
338,20,14,7
339,5,12,15
340,14,16,19
341,20,14,17
342,12,5,3
343,15,2,14
344,6,16,13
345,12,11,5
346,13,8,14
347,15,19,6
348,4,2,15
349,15,3,8
350,8,10,15
351,2,3,7
352,11,4,7
353,8,17,3
354,5,3,9
355,9,18,17
356,12,15,14
357,18,12,4
358,18,15,4
359,10,15,18
360,1,13,3
361,20,1,20
362,18,19,5
363,19,20,17
364,6,16,11
365,5,16,3
366,9,16,18
367,12,3,12
368,12,14,16
369,3,3,12
370,11,4,13
371,11,9,18
372,17,10,13
373,9,17,9
374,7,12,2
375,9,8,4
376,10,4,10
377,7,5,20
378,9,18,10
379,7,6,11
380,19,13,19
381,6,14,2
382,14,8,9
383,15,4,9
384,9,6,4
385,13,8,1
386,14,18,15
387,16,6,5
388,16,7,19
389,8,8,16
390,5,15,12
391,13,3,18
392,1,12,15
393,17,12,18
394,17,18,16
395,14,10,9
396,3,3,17
397,4,11,1
398,5,17,11
399,5,2,3
400,5,17,15
401,3,20,6
402,9,20,6
403,3,18,15
404,11,16,8
405,17,11,19
406,11,13,2
407,14,8,3
408,3,17,3
409,13,8,15
410,19,11,18
411,6,4,5
412,2,5,7
413,17,11,1
414,8,1,2
415,16,3,8
416,20,10,10
417,9,1,16
418,10,19,16
419,8,12,20
420,19,4,19
421,15,11,13
422,9,17,9
423,10,13,17
424,5,1,3
425,11,11,3
426,7,10,16
427,19,8,15
428,12,1,17
429,17,15,7
430,5,6,13
431,11,4,19
432,19,17,15
433,5,20,1
434,9,19,5
435,18,10,19
436,14,17,18
437,12,16,7
438,1,5,1
439,15,8,8
440,10,13,14
441,8,15,19
442,1,6,20
443,17,2,11
444,18,3,19
445,10,11,20
446,19,20,17
447,14,15,2
448,9,9,6
449,6,20,5
450,18,9,20
451,4,16,1
452,1,5,7
453,5,1,14
454,10,7,2
455,16,10,3
456,2,11,2
457,11,19,1
458,9,16,6
459,1,15,2
460,20,5,11
461,3,9,9
462,5,1,11
463,1,4,3
464,19,11,5
465,4,8,12
466,11,20,14
467,12,20,6
468,6,16,4
469,18,12,4
470,19,1,10
471,5,5,12
472,8,4,17
473,14,11,5
474,4,8,11
475,5,12,17
476,10,11,16
477,12,1,5
478,8,12,9
479,18,8,6
480,12,16,6
481,2,2,17
482,1,15,6
483,18,12,3
484,17,6,4
485,4,18,5
486,11,18,19
487,20,3,20
488,8,9,3
489,6,18,5
490,14,6,20
491,15,20,13
492,19,3,1
493,15,2,6
494,1,2,11
495,6,15,2
496,6,18,9
497,19,18,13
498,5,11,3
499,2,7,10
500,14,17,6
501,17,2,18
502,8,14,16
503,3,3,11
504,11,18,13
505,3,1,11
506,3,16,20
507,4,19,9
508,5,2,15
509,1,4,11
510,7,10,12
511,7,15,14
512,1,3,8
513,15,11,1
514,15,17,4
515,10,18,13
516,19,18,12
517,9,19,9
518,1,17,11
519,1,16,6
520,20,5,9
521,6,5,17
522,19,2,12
523,4,3,19
524,6,14,7
525,19,4,19
526,17,7,19
527,16,17,3
528,6,20,17
529,12,13,18
530,5,2,16
531,13,12,3
532,10,11,20
533,7,11,6
534,7,11,1
535,12,10,16
536,6,19,11
537,6,12,17
538,6,13,19
539,1,11,5
540,5,6,13
541,4,13,19
542,8,9,19
543,15,20,6
544,1,12,15
545,4,20,6
546,3,13,10
547,17,17,9
548,13,4,9
549,20,5,9
550,7,2,1
551,2,17,11
552,16,5,4
553,10,15,15
554,6,6,3
555,19,7,16
556,7,6,18
557,1,7,15
558,5,19,1
559,8,17,7
560,4,14,12
561,9,13,6
562,9,12,19
563,7,15,11
564,9,12,14
565,8,1,4
566,16,16,18
567,17,2,12
568,16,3,3
569,18,13,9
570,1,20,2
571,18,1,8
572,16,7,20
573,12,8,10
574,12,11,20
575,4,14,8
576,18,16,13
577,2,2,18
578,2,8,1
579,18,8,12
580,12,18,9
581,10,20,8
582,3,15,7
583,16,10,3
584,10,5,8
585,10,10,7
586,9,12,1
587,15,3,2
588,8,10,11
589,11,5,11
590,13,16,2
591,14,9,15
592,6,15,20
593,16,11,10
594,14,13,18
595,18,14,5
596,5,11,17
597,20,8,18
598,10,18,9
599,10,6,7
600,16,19,8
601,2,14,8
602,15,1,6
603,18,20,13
604,8,12,11
605,4,14,19
606,16,17,9
607,9,14,7
608,2,7,14
609,9,6,10
610,4,12,14
611,10,7,2
612,6,3,19
613,13,9,15
614,15,13,12
615,18,14,7
616,19,8,14
617,20,17,15
618,3,11,2
619,1,18,8
620,9,13,1
621,4,20,20
622,7,5,2
623,20,9,15
624,17,13,11
625,17,1,13
626,4,7,14
627,11,3,1
628,7,17,18
629,13,9,18
630,15,2,18
631,7,8,3
632,6,19,8
633,4,4,18
634,13,17,3
635,5,3,11
636,12,16,1
637,19,8,13
638,9,13,11
639,17,1,12
640,9,11,13
641,7,6,17
642,8,8,20
643,19,9,6
644,17,6,12
645,19,16,19
646,3,20,3
647,17,9,12
648,3,11,11
649,8,11,6
650,4,11,8
651,12,11,4
652,8,18,5
653,7,20,8
654,8,16,14
655,13,14,14
656,6,16,20
657,15,14,1
658,17,6,14
659,11,8,20
660,3,11,20
661,16,11,5
662,19,18,14
663,13,16,18
664,20,15,13
665,19,17,19
666,16,17,6
667,17,8,11
668,3,9,14
669,10,20,19
670,19,2,15
671,10,2,18
672,11,5,2
673,5,20,9
674,19,14,20
675,14,19,7
676,11,4,7
677,14,7,16
678,8,8,17
679,19,13,5
680,15,2,2
681,2,2,16
682,14,18,14
683,1,11,2
684,18,6,3
685,15,9,16
686,13,19,17
687,18,9,17
688,19,16,13
689,16,18,3
690,12,10,13
691,14,8,12
692,6,13,7
693,19,9,18
694,1,2,13
695,14,13,16
696,20,17,11
697,3,7,6
698,12,14,19
699,7,7,5
700,9,3,15
701,2,16,1
702,2,20,11
703,12,17,20
704,18,2,6
705,13,20,11
706,10,11,12
707,3,6,15
708,18,9,1
709,20,16,8
710,17,20,6
711,1,16,3
712,1,1,8
713,13,16,11
714,8,11,12
715,20,20,6
716,19,9,3
717,14,1,14
718,10,9,16
719,7,14,18
720,20,15,10
721,19,15,3
722,12,1,17
723,4,16,15
724,19,20,9
725,8,7,16
726,6,11,20
727,10,20,18
728,5,4,9
729,1,13,1
730,7,18,2
731,8,3,5
732,4,6,6
733,11,7,16
734,13,15,15
735,2,17,11
736,5,20,7
737,8,3,10
738,3,17,11
739,3,20,4
740,10,13,1
741,13,13,1
742,10,8,12
743,20,4,15
744,10,7,5
745,7,5,3
746,8,2,2
747,13,2,18
748,13,5,19
749,9,1,7
750,11,5,11
751,15,10,18
752,1,6,16
753,9,14,10
754,13,5,15
755,1,7,3
756,16,10,9
757,10,13,12
758,2,3,16
759,19,9,15
760,3,12,19
761,18,16,3
762,17,15,4
763,7,16,13
764,7,18,1
765,14,16,16
766,19,15,10
767,15,4,1
768,8,15,16
769,1,9,14
770,10,1,12
771,5,6,10
772,4,4,19
773,11,18,13
774,18,19,5
775,16,19,9
776,16,10,5
777,10,16,20
778,1,8,19
779,3,5,15
780,12,14,12
781,18,9,19
782,14,16,1
783,19,18,6
784,8,20,11
785,11,2,9
786,4,1,19
787,14,2,10
788,7,5,16
789,3,4,8
790,6,14,5
791,11,2,6
792,18,14,14
793,3,10,19
794,6,15,6
795,3,5,2
796,3,2,13
797,8,3,20
798,15,16,19
799,9,8,7
800,15,1,7
801,14,3,9
802,10,18,1
803,13,9,20
804,13,7,9
805,9,20,11
806,4,13,16
807,6,5,18
808,4,15,1
809,14,11,7
810,11,11,12
811,17,20,12
812,13,6,15
813,17,19,4
814,1,12,13
815,2,7,12
816,8,12,7
817,9,2,1
818,7,17,3
819,6,2,9
820,4,16,18
821,18,8,8
822,20,9,3
823,8,3,1
824,14,15,15
825,5,10,3
826,6,8,3
827,2,1,5
828,19,9,12
829,9,14,12
830,15,17,18
831,16,17,9
832,5,2,15
833,19,1,10
834,14,16,16
835,3,6,15
836,16,12,5
837,19,7,5
838,16,7,15
839,14,5,8
840,20,10,20
841,13,20,8
842,17,7,20
843,3,10,19
844,20,4,12
845,20,12,13
846,9,1,20
847,18,11,11
848,7,2,12
849,15,4,20
850,1,12,20
851,5,3,2
852,18,8,1
853,2,20,18
854,20,6,4
855,15,6,8
856,19,10,6
857,17,7,19
858,16,1,11
859,17,13,14
860,13,1,10
861,14,4,17
862,12,6,9
863,4,2,19
864,17,18,17
865,7,4,14
866,14,12,13
867,14,16,12
868,12,11,19
869,14,19,2
870,12,18,8
871,1,5,7
872,12,11,8
873,4,20,6
874,20,9,20
875,3,7,7
876,13,10,14
877,10,13,12
878,4,18,1
879,4,7,14
880,11,3,4
881,15,16,3
882,1,18,2
883,1,11,5
884,10,10,9
885,17,12,6
886,10,15,15
887,3,2,20
888,8,4,7
889,18,4,6
890,11,18,15
891,2,18,5
892,3,4,19
893,20,11,4
894,4,10,19
895,17,3,16
896,19,11,1
897,4,13,18
898,3,1,2
899,10,7,14
900,20,5,12
901,17,10,2
902,1,20,5
903,3,18,10
904,20,7,12
905,3,17,8
906,15,10,15
907,20,12,16
908,7,17,12
909,1,19,5
910,7,8,11
911,17,20,2
912,5,13,16
913,9,18,1
914,6,15,6
915,7,6,12
916,7,4,2
917,6,5,11
918,12,19,5
919,9,20,8
920,12,10,19
921,14,1,6
922,1,2,18
923,15,5,15
924,13,3,3
925,14,13,20
926,13,5,5
927,7,11,14
928,11,7,7
929,20,8,16
930,3,18,8
931,4,18,13
932,9,3,9
933,16,4,3
934,6,1,11
935,7,16,1
936,17,1,14
937,7,15,3
938,5,20,18
939,20,16,1
940,9,16,20
941,9,17,3
942,12,10,17
943,16,12,11
944,5,9,8
945,9,13,3
946,12,16,16
947,17,19,4
948,17,8,18
949,8,8,17
950,9,14,18
951,7,16,10
952,9,5,16
953,9,10,17
954,4,9,8
955,19,5,10
956,4,9,1
957,7,18,18
958,8,10,1
959,18,2,5
960,7,9,5
961,1,10,12
962,18,20,15
963,15,16,3
964,2,15,9
965,4,8,18
966,9,7,3
967,4,18,2
968,18,5,6
969,17,6,16
970,6,7,8
971,16,10,1
972,1,3,17
973,1,12,17
974,12,18,1
975,13,4,19
976,3,2,5
977,18,11,8
978,11,18,17
979,11,11,11
980,13,18,17
981,17,18,16
982,6,7,14
983,18,20,13
984,15,4,5
985,13,3,6
986,12,14,11
987,14,14,14
988,4,3,8
989,16,5,12
990,7,14,1
991,14,18,1
992,10,10,9
993,6,16,6
994,5,19,17
995,3,20,10
996,19,4,13
997,7,16,13
998,2,4,15
999,13,19,10
1000,14,11,10
1001,7,2,19
1002,16,6,16
1003,7,9,2
1004,16,14,9
1005,8,4,13
1006,5,14,17
1007,6,20,4
1008,2,16,2
1009,8,13,10
1010,19,9,7
1011,15,10,14
1012,3,8,3
1013,11,5,15
1014,10,13,11
1015,6,2,12
1016,3,10,13
1017,6,8,6
1018,19,12,9
1019,12,11,1
1020,13,11,1
1021,1,7,15
1022,14,6,13
1023,8,20,14
1024,1,1,12
1025,4,13,13
1026,9,17,1
1027,16,11,14
1028,8,19,11
1029,9,18,16
1030,16,6,11
1031,14,14,1
1032,7,19,15
1033,19,5,20
1034,7,12,4
1035,2,11,9
1036,15,16,3
1037,13,11,17
1038,14,1,19
1039,13,5,12
1040,7,17,10
1041,2,19,16
1042,3,4,17
1043,4,13,6
1044,15,2,19
1045,14,6,18
1046,19,6,7
1047,6,8,20
1048,15,20,19
1049,4,7,9
1050,7,17,6
1051,19,7,2
1052,20,18,16
1053,7,12,6
1054,12,16,4
1055,17,19,18
1056,16,10,20
1057,14,9,19
1058,16,17,15
1059,10,7,18
1060,11,12,17
1061,11,12,17
1062,20,1,11
1063,1,2,20
1064,20,15,18
1065,12,19,18
1066,2,20,18
1067,4,19,11
1068,20,7,3
1069,5,16,3
1070,4,3,15
1071,13,18,14
1072,10,10,8
1073,10,6,7
1074,4,14,2
1075,2,15,6
1076,14,1,18
1077,16,19,7
1078,6,7,19
1079,17,4,10
1080,18,16,19
1081,13,2,16
1082,7,16,1
1083,20,2,4
1084,14,3,7
1085,9,5,11
1086,14,4,15
1087,13,9,18
1088,1,10,18
1089,2,5,5
1090,4,5,7
1091,1,3,18
1092,5,12,9
1093,20,14,1
1094,17,18,16
1095,2,12,6
1096,4,9,13
1097,10,5,13
1098,18,16,3
1099,13,13,10
1100,14,10,17
1101,11,2,10
1102,16,19,9
1103,19,11,1
1104,19,7,14
1105,18,7,20
1106,12,20,18
1107,5,9,9
1108,7,18,7
1109,3,9,9
1110,10,19,19
1111,6,19,4
1112,19,7,16
1113,19,1,20
1114,6,12,15
1115,14,13,15
1116,20,19,13
1117,15,1,16
1118,2,18,17
1119,1,1,1
1120,13,16,6
1121,7,13,17
1122,1,14,8
1123,5,20,19
1124,1,11,3
1125,5,10,16
1126,11,10,13
1127,1,12,12
1128,6,9,3
1129,15,20,1
1130,8,15,11
1131,14,13,17
1132,4,7,4
1133,4,13,6
1134,10,11,6
1135,20,20,14
1136,1,14,9
1137,11,18,12
1138,19,5,9
1139,3,4,11
1140,5,11,17
1141,19,18,17
1142,20,19,15
1143,2,17,11
1144,2,15,11
1145,6,4,8
1146,14,11,1
1147,10,8,2
1148,4,4,17
1149,11,3,11
1150,1,17,20
1151,19,15,18
1152,16,10,19
1153,5,16,12
1154,17,5,6
1155,17,11,6
1156,19,11,7
1157,6,13,1
1158,9,10,4
1159,6,18,14
1160,9,4,20
1161,3,16,3
1162,2,16,16
1163,8,15,1
1164,16,16,1
1165,5,16,8
1166,6,15,8
1167,2,15,13
1168,14,10,15
1169,17,11,6
1170,16,10,19
1171,8,10,2
1172,18,11,3
1173,6,14,13
1174,9,10,1
1175,20,19,5
1176,2,19,20
1177,16,5,11
1178,15,3,18
1179,8,7,5
1180,15,5,18
1181,16,2,18
1182,12,12,20
1183,5,20,18
1184,7,10,5
1185,7,19,3
1186,9,18,14
1187,19,10,1
1188,16,5,3
1189,4,3,7
1190,9,16,2
1191,15,1,9
1192,5,3,2
1193,16,4,2
1194,6,9,14
1195,6,5,3
1196,19,4,4
1197,11,5,4
1198,18,10,3
1199,19,10,18
1200,1,4,12
1201,9,11,15
1202,19,14,16
1203,18,10,14
1204,11,16,18
1205,8,10,8
1206,5,16,1
1207,4,18,2
1208,19,19,11
1209,11,1,13
1210,7,20,20
1211,12,6,9
1212,1,9,7
1213,19,2,8
1214,9,19,7
1215,10,20,3
1216,11,13,19
1217,1,1,5
1218,13,10,13
1219,7,4,15
1220,12,17,5
1221,9,16,1
1222,11,19,16
1223,15,10,15
1224,4,1,17
1225,1,4,7
1226,15,16,7
1227,16,18,20
1228,8,16,2
1229,19,7,18
1230,5,5,5
1231,8,10,3
1232,4,18,10
1233,9,11,5
1234,18,16,19
1235,10,18,14
1236,5,18,3
1237,6,8,14
1238,4,20,11
1239,16,4,6
1240,1,20,4
1241,19,12,6
1242,6,16,10
1243,18,10,8
1244,10,12,19
1245,9,18,17
1246,4,1,19
1247,9,2,11
1248,5,14,10
1249,10,15,10
1250,1,3,9
1251,15,18,16
1252,16,18,3
1253,5,10,12
1254,16,5,19
1255,18,2,8
1256,2,15,2
1257,3,9,11
1258,8,4,19
1259,3,20,8
1260,4,3,15
1261,19,20,15
1262,15,9,7
1263,3,12,1
1264,8,13,6
1265,3,19,17
1266,9,17,11
1267,3,7,2
1268,17,19,14
1269,16,17,12
1270,6,11,16
1271,16,1,10
1272,14,11,13
1273,5,6,18
1274,10,13,6
1275,11,1,9
1276,19,1,2
1277,9,7,15
1278,12,11,8
1279,3,11,1
1280,18,15,16
1281,2,3,14
1282,19,2,10
1283,1,12,5
1284,14,18,15
1285,5,4,12
1286,5,9,7
1287,16,9,9
1288,8,14,9
1289,15,9,18
1290,1,5,10
1291,10,12,7
1292,18,12,12
1293,9,2,19
1294,9,18,7
1295,15,15,11
1296,17,13,7
1297,14,18,3
1298,15,11,10
1299,11,18,3
1300,13,10,5
1301,5,8,17
1302,3,12,8
1303,9,4,19
1304,13,16,6
1305,6,6,16
1306,8,10,9
1307,4,14,11
1308,15,20,13
1309,6,2,1
1310,20,14,16
1311,14,3,18
1312,7,14,6
1313,8,1,20
1314,3,2,4
1315,12,10,10
1316,15,2,10
1317,1,16,3
1318,1,7,11
1319,14,5,18
1320,17,7,13
1321,7,3,19
1322,6,2,18
1323,5,1,12
1324,3,11,18
1325,11,15,1
1326,5,13,6
1327,18,18,16
1328,19,10,11
1329,2,12,11
1330,20,15,1
1331,18,16,16
1332,16,16,2
1333,2,1,5
1334,7,8,16
1335,1,2,20
1336,5,7,4
1337,13,20,15
1338,17,7,17
1339,4,10,6
1340,12,5,20
1341,2,12,11
1342,16,8,14
1343,6,1,12
1344,10,4,15
1345,8,18,16
1346,20,5,10
1347,1,4,20
1348,3,2,3
1349,13,13,19
1350,18,11,15
1351,20,15,10
1352,3,7,20
1353,3,7,3
1354,13,3,1
1355,7,18,5
1356,4,18,1
1357,3,5,4
1358,3,19,8
1359,15,20,20
1360,16,8,5
1361,14,5,4
1362,5,8,11
1363,10,13,2
1364,11,3,9
1365,16,3,7
1366,7,1,19
1367,10,9,4
1368,6,18,1
1369,13,17,3
1370,2,8,15
1371,18,5,11
1372,9,13,13
1373,2,10,10
1374,10,17,12
1375,16,20,10
1376,7,8,7
1377,3,5,12
1378,20,4,18
1379,14,11,18
1380,20,6,6
1381,11,10,9
1382,7,6,6
1383,7,18,7
1384,14,4,4
1385,12,6,10
1386,12,8,10
1387,16,5,19
1388,6,20,6
1389,14,10,17
1390,15,6,12
1391,6,2,7
1392,18,2,2
1393,9,13,3
1394,20,11,19
1395,9,19,13
1396,14,19,3
1397,16,8,20
1398,14,13,12
1399,18,8,9
1400,5,4,15
1401,8,17,5
1402,18,13,13
1403,4,10,9
1404,12,8,13
1405,8,1,4
1406,10,2,20
1407,14,14,16
1408,6,5,18
1409,17,14,18
1410,5,3,19
1411,5,17,16
1412,2,18,14
1413,11,19,1
1414,9,15,12
1415,15,19,14
1416,6,12,7
1417,16,10,10
1418,14,18,11
1419,10,4,9
1420,14,1,9
1421,17,5,6
1422,10,15,8
1423,8,6,12
1424,7,11,14
1425,19,13,19
1426,5,3,2
1427,8,14,7
1428,18,8,17
1429,2,20,12
1430,19,2,17
1431,19,13,3
1432,6,14,11
1433,3,19,15
1434,12,10,4
1435,2,14,18
1436,3,11,2
1437,11,4,18
1438,6,18,1
1439,11,11,3
1440,14,10,13
1441,5,1,20
1442,20,4,7
1443,1,7,3
1444,3,9,3
1445,19,16,16
1446,11,1,3
1447,13,8,10
1448,8,7,7
1449,19,10,6
1450,15,16,16
1451,13,7,8
1452,7,17,14
1453,6,1,9
1454,14,9,2
1455,17,11,11
1456,1,6,3
1457,12,16,19
1458,1,2,14
1459,1,12,7
1460,12,18,9
1461,3,17,10
1462,9,7,14
1463,13,20,5
1464,18,20,6
1465,12,14,9
1466,15,5,18
1467,17,1,12
1468,19,2,18
1469,19,17,20
1470,2,5,7
1471,3,13,7
1472,4,16,18
1473,4,2,18
1474,17,3,19
1475,12,11,12
1476,17,7,17
1477,7,20,8
1478,18,13,10
1479,10,9,19
1480,9,18,7
1481,14,3,3
1482,19,19,5
1483,16,13,12
1484,4,5,17
1485,19,5,2
1486,14,15,19
1487,14,5,15
1488,3,12,5
1489,10,14,17
1490,11,3,7
1491,14,10,5
1492,13,10,2
1493,18,18,5
1494,15,20,5
1495,13,10,17
1496,13,9,3
1497,17,15,14
1498,5,2,12
1499,3,10,7
1500,1,11,2
1501,8,19,11
1502,3,1,18
1503,7,11,8
1504,10,10,20
1505,10,15,5
1506,14,10,9
1507,12,10,17
1508,13,8,20
1509,8,17,11
1510,6,7,14
1511,18,4,12
1512,9,10,18
1513,12,5,2
1514,9,17,13
1515,15,13,14
1516,5,15,9
1517,13,19,3
1518,6,11,3
1519,15,12,8
1520,13,10,2
1521,19,9,12
1522,5,3,17
1523,8,8,9
1524,12,5,17
1525,5,11,2
1526,13,2,4
1527,14,12,7
1528,18,18,12
1529,11,6,5
1530,8,12,16
1531,18,17,11
1532,19,13,11
1533,10,1,12
1534,2,14,4
1535,19,19,8
1536,5,7,17
1537,6,19,15
1538,18,20,15
1539,14,5,1
1540,18,18,3
1541,7,5,7
1542,10,1,2
1543,1,17,12
1544,6,12,12
1545,6,9,7
1546,7,17,6
1547,6,13,10
1548,2,11,1
1549,16,19,4
1550,15,7,11
1551,6,10,15
1552,1,8,16
1553,3,4,16
1554,9,19,9
1555,18,3,19
1556,14,18,12
1557,6,6,19
1558,20,1,15
1559,7,8,12
1560,17,1,8
1561,17,17,9
1562,7,12,12
1563,9,3,2
1564,3,11,12
1565,1,7,8
1566,6,8,7
1567,17,10,12
1568,2,14,4
1569,17,19,15
1570,14,12,8
1571,17,7,8
1572,2,13,20
1573,20,10,12
1574,15,1,5
1575,5,19,7
1576,2,6,20
1577,19,11,18
1578,6,17,9
1579,14,12,1
1580,10,1,17
1581,5,6,6
1582,13,17,4
1583,17,7,13
1584,2,5,19
1585,17,8,1
1586,4,3,2
1587,18,7,18
1588,17,13,18
1589,2,16,14
1590,3,15,1
1591,10,3,10
1592,8,12,5
1593,8,15,17
1594,8,8,19
1595,19,11,9
1596,8,10,8
1597,12,7,1
1598,18,2,16
1599,14,11,1
1600,5,2,19
1601,20,14,5
1602,2,11,20
1603,13,6,1
1604,4,12,8
1605,10,3,17
1606,15,13,19
1607,16,16,5
1608,3,14,16
1609,15,13,14
1610,5,7,5
1611,8,10,17
1612,13,8,12
1613,8,16,9
1614,3,1,6
1615,16,6,8
1616,11,15,13
1617,15,8,9
1618,11,6,1
1619,15,15,6
1620,18,2,19
1621,10,19,8
1622,15,16,10
1623,15,10,7
1624,6,6,6
1625,8,8,17
1626,16,2,17
1627,4,14,7
1628,3,7,17
1629,6,11,17
1630,7,9,18
1631,15,2,5
1632,15,13,2
1633,4,1,8
1634,17,2,9
1635,11,8,12
1636,9,15,5
1637,6,11,12
1638,2,8,11
1639,6,12,3
1640,8,10,17
1641,10,12,11
1642,14,5,10
1643,11,5,16
1644,18,11,2
1645,1,1,17
1646,19,13,10
1647,1,15,16
1648,11,1,9
1649,5,8,18
1650,17,15,18
1651,15,4,19
1652,17,4,11
1653,6,5,12
1654,10,18,20
1655,3,15,11
1656,10,10,16
1657,5,15,18
1658,1,16,1
1659,2,19,9
1660,5,7,4
1661,1,10,18
1662,16,15,4
1663,11,11,16
1664,18,17,19
1665,19,18,18
1666,11,19,16
1667,6,1,16
1668,4,6,3
1669,16,3,2
1670,16,14,1
1671,11,16,12
1672,19,17,4
1673,4,10,15
1674,3,17,5
1675,7,1,6
1676,3,13,19
1677,3,8,1
1678,12,14,8
1679,12,13,7
1680,18,13,6
1681,12,12,2
1682,14,17,3
1683,11,10,5
1684,3,10,3
1685,3,16,13
1686,7,11,14
1687,12,10,15
1688,18,8,18
1689,12,13,7
1690,3,11,6
1691,11,2,4
1692,5,11,10
1693,7,13,19
1694,20,5,16
1695,17,11,12
1696,15,7,14
1697,7,14,15
1698,18,19,3
1699,8,2,11
1700,7,8,5
1701,2,14,6
1702,18,6,13
1703,11,19,11
1704,6,19,17
1705,9,5,14
1706,5,18,11
1707,9,10,15
1708,1,1,18
1709,7,2,12
1710,13,5,9
1711,17,20,13
1712,3,4,2
1713,15,16,18
1714,16,4,6
1715,13,18,18
1716,12,4,12
1717,10,1,13
1718,15,17,7
1719,4,18,11
1720,17,9,12
1721,19,1,15
1722,13,8,20
1723,12,4,4
1724,10,17,1
1725,15,8,14
1726,12,6,6
1727,12,16,2
1728,4,6,15
1729,11,19,6
1730,10,10,2
1731,13,19,14
1732,12,4,8
1733,7,16,12
1734,17,2,20
1735,11,9,1
1736,5,19,8
1737,3,17,8
1738,3,3,1
1739,7,14,6
1740,7,19,6
1741,14,12,16
1742,13,17,8
1743,3,15,11
1744,11,13,17
1745,13,2,12
1746,19,4,13
1747,13,8,16
1748,20,9,11
1749,7,5,17
1750,15,12,14
1751,20,9,4
1752,17,1,13
1753,12,17,18
1754,1,8,5
1755,5,15,16
1756,3,12,20
1757,15,5,2
1758,8,1,9
1759,20,7,13
1760,11,8,10
1761,4,3,9
1762,2,7,2
1763,19,15,16
1764,4,12,6
1765,11,10,11
1766,3,6,11
1767,10,18,8
1768,15,1,9
1769,8,11,19
1770,19,15,9
1771,17,9,1
1772,4,16,6
1773,9,7,11
1774,10,6,13
1775,10,11,20
1776,11,3,10
1777,20,15,7
1778,12,12,6
1779,8,14,11
1780,7,13,3
1781,11,3,9
1782,16,18,18
1783,2,7,9
1784,2,5,5
1785,6,9,5
1786,12,18,8
1787,14,16,7
1788,5,11,17
1789,10,14,13
1790,2,3,14
1791,19,5,2
1792,13,13,20
1793,15,12,6
1794,14,5,1
1795,1,6,4
1796,5,15,16
1797,9,9,17
1798,11,10,15
1799,13,6,13
1800,1,3,3
1801,15,12,10
1802,18,2,20
1803,2,5,20
1804,8,9,2
1805,14,12,11
1806,19,7,5
1807,1,2,7
1808,6,20,20
1809,7,14,6
1810,9,20,2
1811,8,12,12
1812,1,18,16
1813,8,6,15
1814,7,9,18
1815,1,14,20
1816,15,6,3
1817,14,20,10
1818,9,12,19
1819,1,5,7
1820,10,11,16
1821,4,9,19
1822,2,15,6
1823,20,6,11
1824,13,1,17
1825,9,7,15
1826,4,17,20
1827,6,20,1
1828,13,12,8
1829,3,5,17
1830,15,13,3
1831,2,2,4
1832,17,10,20
1833,20,1,13
1834,17,10,17
1835,19,4,6
1836,10,12,18
1837,10,19,13
1838,1,9,6
1839,20,18,4
1840,14,7,6
1841,20,19,2
1842,11,14,16
1843,9,2,9
1844,18,4,7
1845,5,12,2
1846,17,20,4
1847,15,13,11
1848,13,13,14
1849,18,1,5
1850,13,3,17
1851,9,15,3
1852,11,10,16
1853,2,6,15
1854,18,4,10
1855,12,7,1
1856,6,16,2
1857,13,17,7
1858,9,9,16
1859,19,12,6
1860,1,11,17
1861,20,13,16
1862,7,11,20
1863,15,3,20
1864,15,13,10
1865,4,18,16
1866,7,10,10
1867,10,6,7
1868,20,12,19
1869,15,3,3
1870,4,16,8
1871,14,19,14
1872,9,19,11
1873,11,8,6
1874,4,20,20
1875,12,4,6
1876,6,13,16
1877,9,10,3
1878,7,7,19
1879,2,14,8
1880,12,11,3
1881,12,18,20
1882,7,3,13
1883,2,9,16
1884,16,11,7
1885,5,6,4
1886,11,9,16
1887,19,8,8
1888,12,8,10
1889,9,17,15
1890,18,10,4
1891,7,13,4
1892,11,5,3
1893,7,6,16
1894,15,17,5
1895,18,5,4
1896,3,6,3
1897,18,2,17
1898,16,17,11
1899,5,19,9
1900,4,14,12
1901,14,13,18
1902,2,18,7
1903,3,14,12
1904,20,18,14
1905,13,2,16
1906,15,13,14
1907,3,9,15
1908,6,1,14
1909,8,19,20
1910,12,7,9
1911,19,5,8
1912,7,18,8
1913,3,10,20
1914,7,15,1
1915,10,18,20
1916,14,3,17
1917,15,14,14
1918,9,8,1
1919,12,9,5
1920,12,4,4
1921,15,13,9
1922,10,11,7
1923,8,13,6
1924,17,2,8
1925,10,15,19
1926,8,1,5
1927,12,20,2
1928,19,13,9
1929,6,16,11
1930,14,2,12
1931,2,5,11
1932,5,12,11
1933,3,9,11
1934,12,12,12
1935,17,3,14
1936,6,3,17
1937,14,14,13
1938,15,15,18
1939,2,7,16
1940,6,20,6
1941,15,8,5
1942,9,5,4
1943,15,18,14
1944,13,7,7
1945,18,2,17
1946,15,12,14
1947,11,13,2
1948,8,2,5
1949,20,10,13
1950,11,1,4
1951,18,10,9
1952,6,7,5
1953,12,18,7
1954,10,6,12
1955,15,13,1
1956,15,16,7
1957,6,20,4
1958,13,20,4
1959,3,2,2
1960,1,3,15
1961,16,9,6
1962,10,14,1
1963,17,13,4
1964,10,8,9
1965,17,8,4
1966,14,11,16
1967,3,2,7
1968,6,13,1
1969,4,13,11
1970,7,6,14
1971,9,15,6
1972,1,12,13
1973,18,15,5
1974,2,3,12
1975,3,9,18
1976,12,2,5
1977,15,20,6
1978,12,9,4
1979,6,20,12
1980,15,16,7
1981,20,13,8
1982,7,20,13
1983,18,18,5
1984,10,17,17
1985,20,10,14
1986,19,6,3
1987,17,14,13
1988,6,1,11
1989,18,9,9
1990,7,13,16
1991,14,11,11
1992,10,14,2
1993,3,12,2
1994,11,3,11
1995,14,7,8
1996,15,7,17
1997,9,17,3
1998,15,11,4
1999,19,17,4
2000,20,8,15
2001,5,18,20
2002,6,8,2
2003,1,3,19
2004,11,11,5
2005,6,17,13
2006,5,14,20
2007,15,4,1
2008,11,17,15
2009,3,2,13
2010,10,17,7
2011,14,5,11
2012,3,6,11
2013,18,17,18
2014,7,13,16
2015,1,8,16
2016,12,11,9
2017,5,18,15
2018,5,15,6
2019,20,9,9
2020,1,19,14
2021,18,19,20
2022,2,7,18
2023,18,14,12
2024,9,12,13
2025,7,2,8
2026,17,14,14
2027,20,15,19
2028,1,4,11
2029,13,13,15
2030,8,10,14
2031,16,19,9
2032,11,15,4
2033,3,20,3
2034,11,13,3
2035,1,3,2
2036,10,9,18
2037,19,19,10
2038,15,15,5
2039,3,18,12
2040,19,6,4
2041,4,14,19
2042,10,5,18
2043,6,6,19
2044,18,20,19
2045,3,14,11
2046,9,19,1
2047,3,12,18
2048,9,12,11
2049,6,10,2
2050,8,4,5
2051,13,5,4
2052,15,6,3
2053,20,17,13
2054,15,3,17
2055,18,18,12
2056,19,9,12
2057,15,8,7
2058,13,1,14
2059,15,3,15
2060,12,14,7
2061,12,9,18
2062,10,16,8
2063,7,1,7
2064,6,5,1
2065,16,18,8
2066,11,19,1
2067,10,20,8
2068,8,7,20
2069,18,11,4
2070,2,4,19
2071,9,20,2
2072,9,4,5
2073,10,12,16
2074,18,3,15
2075,19,6,12
2076,17,12,20
2077,6,1,4
2078,2,17,8
2079,19,14,13
2080,10,18,10
2081,10,10,9
2082,8,10,3
2083,7,8,11
2084,3,18,8
2085,1,4,2
2086,13,12,10
2087,16,18,10
2088,11,3,20
2089,8,19,9
2090,11,2,19
2091,15,1,8
2092,6,14,15
2093,8,14,8
2094,2,12,20
2095,19,17,5
2096,1,8,3
2097,1,12,7
2098,18,5,2
2099,11,13,12
2100,10,13,12
2101,15,3,10
2102,14,5,1
2103,4,5,8
2104,11,5,19
2105,12,1,6
2106,8,6,17
2107,12,19,18
2108,14,16,17
2109,16,2,13
2110,15,19,4
2111,2,14,13
2112,10,20,17
2113,19,15,7
2114,20,8,17
2115,14,2,3
2116,19,8,2
2117,14,9,8
2118,17,13,18
2119,7,12,18
2120,10,14,10
2121,6,13,18
2122,9,1,2
2123,1,3,6
2124,4,1,18
2125,1,3,18
2126,3,9,10
2127,18,9,15
2128,15,19,2
2129,13,13,7
2130,20,2,20
2131,14,2,9
2132,1,5,13
2133,5,11,1
2134,10,14,7
2135,15,4,20
2136,15,13,13
2137,1,9,18
2138,12,1,19
2139,15,12,10
2140,13,1,10
2141,12,7,3
2142,8,17,13
2143,15,10,1
2144,4,11,1
2145,16,16,11
2146,14,7,14
2147,17,1,16
2148,1,11,20
2149,16,12,10
2150,20,14,10
2151,1,1,18
2152,19,17,18
2153,5,4,13
2154,12,18,12
2155,20,6,5
2156,18,16,3
2157,12,9,10
2158,9,2,19
2159,6,20,4
2160,6,7,1
2161,17,8,10
2162,3,8,20
2163,5,6,9
2164,18,17,4
2165,11,5,1
2166,16,4,2
2167,13,12,3
2168,20,4,4
2169,12,11,19
2170,3,11,10
2171,18,8,4
2172,8,18,14
2173,13,15,18
2174,18,11,15
2175,8,17,10
2176,4,7,16
2177,18,4,6
2178,3,16,18
2179,2,9,9
2180,17,1,6
2181,10,6,3
2182,13,6,4
2183,7,11,13
2184,6,7,18
2185,1,8,10
2186,15,8,17
2187,16,2,9
2188,17,8,11
2189,8,10,20
2190,18,16,17
2191,4,8,5
2192,5,7,17
2193,8,4,10
2194,16,15,19
2195,16,5,4
2196,2,16,19
2197,7,5,8
2198,11,8,6
2199,8,9,3
2200,13,2,16
2201,11,8,1
2202,17,8,1
2203,12,19,16
2204,16,9,18
2205,7,10,2
2206,9,16,8
2207,6,12,4
2208,3,20,10
2209,14,16,3
2210,11,14,2
2211,11,1,20
2212,18,20,4
2213,10,12,18
2214,19,13,8
2215,2,8,14
2216,8,12,5
2217,6,14,12
2218,9,14,19
2219,5,15,14
2220,18,10,3
2221,9,2,19
2222,7,1,11
2223,5,12,6
2224,6,6,11
2225,6,8,17
2226,15,17,3
2227,6,1,14
2228,20,15,18
2229,19,1,17
2230,4,8,4
2231,2,10,15
2232,5,20,11
2233,17,16,9
2234,8,18,4
2235,1,9,14
2236,17,17,2
2237,6,7,16
2238,3,7,8
2239,10,7,7
2240,14,13,17
2241,6,18,2
2242,8,6,4
2243,15,6,17
2244,1,12,7
2245,10,11,16
2246,17,15,20
2247,1,2,6
2248,10,5,5
2249,14,6,19
2250,2,11,19
2251,12,5,5
2252,13,18,15
2253,13,20,7
2254,20,4,17
2255,18,7,4
2256,2,14,1
2257,17,14,3
2258,17,8,15
2259,15,8,17
2260,14,13,20
2261,15,17,7
2262,16,5,11
2263,2,13,14
2264,17,7,4
2265,4,16,19
2266,14,20,11
2267,13,2,4
2268,4,3,12
2269,11,13,15
2270,6,4,20
2271,8,10,15
2272,9,11,7
2273,15,16,12
2274,15,6,16
2275,19,7,3
2276,8,19,15
2277,14,6,12
2278,20,13,8
2279,11,14,12
2280,15,18,16
2281,3,7,17
2282,3,5,15
2283,18,6,12
2284,7,15,2
2285,18,4,18
2286,15,8,8
2287,4,17,5
2288,7,18,3
2289,5,14,11
2290,13,11,15
2291,14,12,13
2292,14,12,5
2293,10,14,17
2294,14,8,3
2295,16,16,8
2296,5,20,2
2297,7,10,15
2298,15,13,13
2299,8,6,8
2300,16,18,14
2301,17,10,11
2302,13,11,7
2303,14,3,20
2304,8,19,6
2305,5,10,19
2306,18,11,6
2307,17,11,9
2308,15,9,17
2309,9,19,15
2310,17,3,8
2311,1,13,2
2312,10,19,2
2313,12,6,7
2314,3,20,18
2315,14,5,16
2316,10,11,6
2317,2,2,12
2318,10,1,11
2319,15,19,12
2320,10,18,18
2321,11,5,15
2322,19,9,14
2323,4,13,5
2324,15,2,14
2325,15,15,6
2326,11,12,12
2327,3,17,12
2328,12,9,8
2329,14,15,8
2330,12,4,1
2331,19,17,16
2332,7,3,19
2333,7,20,13
2334,16,9,3
2335,18,18,1
2336,13,11,15
2337,16,13,2
2338,12,7,6
2339,8,17,4
2340,9,3,20
2341,12,14,3
2342,1,7,20
2343,4,6,4
2344,5,3,19
2345,12,19,2
2346,18,2,10
2347,14,20,15
2348,8,7,2
2349,18,5,13
2350,1,7,15
2351,1,8,10
2352,4,9,15
2353,4,9,6
2354,5,2,16
2355,2,6,19
2356,20,13,8
2357,13,11,7
2358,7,20,16
2359,17,15,20
2360,3,17,3
2361,8,3,7
2362,3,19,2
2363,6,12,12
2364,17,11,15
2365,8,3,4
2366,12,6,9
2367,14,8,13
2368,3,19,10
2369,2,11,13
2370,14,10,5
2371,14,15,6
2372,14,3,14
2373,6,6,16
2374,5,13,11
2375,4,10,20
2376,14,15,11
2377,18,6,7
2378,19,12,2
2379,11,14,14
2380,19,3,7
2381,3,18,7
2382,15,20,9
2383,17,19,16
2384,13,20,4
2385,9,20,4
2386,16,18,14
2387,11,4,4
2388,6,3,18
2389,17,9,16
2390,18,16,8
2391,19,16,4
2392,16,15,4
2393,5,10,11
2394,17,20,12
2395,2,15,14
2396,6,7,17
2397,15,6,3
2398,14,18,17
2399,5,6,17
2400,5,13,11
2401,16,10,7
2402,4,17,7
2403,15,1,5
2404,3,8,17
2405,5,20,9
2406,1,12,2
2407,14,18,15
2408,5,8,16
2409,8,2,1
2410,1,3,14
2411,16,4,18
2412,4,1,20
2413,20,10,15
2414,9,17,19
2415,13,20,12
2416,10,14,4
2417,17,7,3
2418,17,2,15
2419,8,18,12
2420,16,11,3
2421,16,16,4
2422,17,14,2
2423,18,6,6
2424,1,1,5
2425,2,10,6
2426,13,15,2
2427,2,20,6
2428,18,1,19
2429,12,18,17
2430,20,8,16
2431,11,3,15
2432,9,2,12
2433,13,15,19
2434,16,13,13
2435,6,9,16
2436,20,6,18
2437,13,17,12
2438,11,20,14
2439,2,18,14
2440,2,3,14
2441,19,6,19
2442,20,19,8
2443,2,20,3
2444,4,11,17
2445,4,9,17
2446,8,18,14
2447,14,19,10
2448,5,4,10
2449,17,6,1
2450,20,13,9
2451,4,17,13
2452,1,18,20
2453,20,9,15
2454,20,8,13
2455,6,1,16
2456,18,1,5
2457,14,17,10
2458,5,2,19
2459,2,6,8
2460,4,15,14
2461,2,13,12
2462,12,20,19
2463,18,15,14
2464,6,17,4
2465,3,19,13
2466,19,10,3
2467,12,3,9
2468,2,4,11
2469,3,15,3
2470,17,11,2
2471,3,16,10
2472,20,8,14
2473,13,11,16
2474,19,18,17
2475,11,5,3
2476,13,4,10
2477,7,19,4
2478,4,8,12
2479,8,18,19
2480,13,11,3
2481,19,18,19
2482,15,12,5
2483,20,6,13
2484,11,13,19
2485,15,12,7
2486,19,20,4
2487,17,2,5
2488,3,18,5
2489,14,5,11
2490,8,11,15
2491,8,19,19
2492,9,18,11
2493,19,12,5
2494,10,20,11
2495,1,15,5
2496,19,4,18
2497,20,11,3
2498,12,6,2
2499,18,10,19
2500,9,15,9
2501,10,20,14
2502,3,11,16
2503,14,20,17
2504,12,13,2
2505,4,19,14
2506,13,5,7
2507,8,16,13
2508,5,5,15
2509,6,17,6
2510,2,11,10
2511,13,18,14
2512,5,18,6
2513,16,11,5
2514,2,3,14
2515,11,1,8
2516,18,16,1
2517,1,11,2
2518,11,3,11
2519,3,9,19
2520,13,4,13
2521,15,12,6
2522,15,1,19
2523,3,2,9
2524,15,4,6
2525,14,6,10
2526,15,12,16
2527,8,2,18
2528,14,7,18
2529,12,13,3
2530,14,16,2
2531,19,3,4
2532,14,3,13
2533,7,16,18
2534,15,1,4
2535,1,15,8
2536,2,15,6
2537,10,14,9
2538,12,13,14
2539,12,2,14
2540,19,20,3
2541,4,4,8
2542,6,13,18
2543,9,16,4
2544,13,14,5
2545,8,1,9
2546,18,15,11
2547,2,7,12
2548,9,8,13
2549,19,12,16
2550,10,14,9
2551,5,11,8
2552,3,20,3
2553,10,7,3
2554,1,10,9
2555,5,10,14
2556,15,17,1
2557,12,14,19
2558,12,1,20
2559,19,8,8
2560,19,16,7
2561,7,7,9
2562,2,11,8
2563,8,9,5
2564,12,19,10
2565,15,3,12
2566,6,2,18
2567,6,16,10
2568,15,13,11
2569,3,9,7
2570,16,4,3
2571,15,9,15
2572,1,20,17
2573,20,14,4
2574,8,17,9
2575,2,9,18
2576,3,3,13
2577,9,18,20
2578,6,1,6
2579,14,9,7
2580,16,5,15
2581,19,3,3
2582,7,17,7
2583,9,2,8
2584,1,14,10
2585,7,4,9
2586,17,14,13
2587,2,9,18
2588,19,1,18
2589,17,6,12
2590,1,6,10
2591,12,3,4
2592,13,6,12
2593,15,16,14
2594,2,6,3
2595,14,20,13
2596,1,7,4
2597,17,7,3
2598,10,18,17
2599,13,18,10
2600,1,11,5
2601,14,10,16
2602,18,3,10
2603,11,9,2
2604,16,7,6
2605,7,18,3
2606,13,8,5
2607,11,20,14
2608,15,4,3
2609,15,13,7
2610,5,6,4
2611,4,18,7
2612,7,13,2
2613,7,6,2
2614,8,10,1
2615,13,8,7
2616,11,17,6
2617,6,15,14
2618,19,6,3
2619,8,11,5
2620,3,1,5
2621,13,14,11
2622,6,3,11
2623,6,15,1
2624,6,19,19
2625,15,3,17
2626,16,2,18
2627,1,3,20
2628,12,4,5
2629,8,11,16
2630,14,15,11
2631,13,13,11
2632,15,17,14
2633,1,17,14
2634,19,19,14
2635,10,16,10
2636,1,4,8
2637,20,20,10
2638,12,3,17
2639,11,14,10
2640,20,14,19
2641,14,20,3
2642,15,6,3
2643,15,3,15
2644,16,17,16
2645,3,20,11
2646,13,8,1
2647,13,17,16
2648,12,8,1
2649,17,8,13
2650,7,17,1
2651,14,1,12
2652,20,7,7
2653,12,5,14
2654,12,1,12
2655,16,6,6
2656,18,12,17
2657,14,12,7
2658,18,11,9
2659,18,11,19
2660,8,1,4
2661,9,4,5
2662,16,13,9
2663,12,14,20
2664,13,5,15
2665,17,9,7
2666,15,8,14
2667,17,2,10
2668,8,1,3
2669,14,2,5
2670,8,17,5
2671,12,19,18
2672,10,10,13
2673,2,16,17
2674,3,13,8
2675,13,17,9
2676,5,6,13
2677,12,5,11
2678,8,20,19
2679,12,12,1
2680,18,10,14
2681,18,5,13
2682,3,6,10
2683,8,15,7
2684,19,14,15
2685,5,12,18
2686,6,15,15
2687,7,12,7
2688,19,12,17
2689,4,20,1
2690,9,18,19
2691,6,3,9
2692,13,14,1
2693,18,12,15
2694,12,18,15
2695,1,13,4
2696,18,11,5
2697,14,20,16
2698,20,6,4
2699,19,5,14
2700,18,12,8
2701,11,10,14
2702,13,1,8
2703,12,15,10
2704,6,17,1
2705,14,13,14
2706,18,1,7
2707,13,14,20
2708,6,19,12
2709,3,14,20
2710,2,11,11
2711,5,10,2
2712,7,1,9
2713,6,8,1
2714,19,1,19
2715,14,18,16
2716,7,13,13
2717,10,10,19
2718,5,1,4
2719,2,2,11
2720,14,9,16
2721,20,15,13
2722,1,3,4
2723,4,9,17
2724,16,12,8
2725,11,15,3
2726,14,13,9
2727,7,19,17
2728,11,16,14
2729,10,19,20
2730,4,8,3
2731,19,17,20
2732,9,20,4
2733,20,9,13
2734,20,8,9
2735,9,15,6
2736,17,10,4
2737,20,7,5
2738,18,3,10
2739,17,2,16
2740,10,9,8
2741,16,7,10
2742,14,12,11
2743,8,11,11
2744,15,12,9
2745,2,14,20
2746,19,7,17
2747,13,18,10
2748,16,2,2
2749,10,3,10
2750,15,9,7
2751,12,17,4
2752,5,10,20
2753,15,10,15
2754,3,9,4
2755,5,10,13
2756,7,9,3
2757,13,8,2
2758,2,8,10
2759,19,4,19
2760,17,11,5
2761,14,11,15
2762,18,9,2
2763,10,12,15
2764,14,16,18
2765,17,1,4
2766,3,18,17
2767,9,3,14
2768,14,7,17
2769,14,2,9
2770,13,18,14
2771,3,19,12
2772,19,6,16
2773,2,12,7
2774,11,9,10
2775,6,11,14
2776,19,14,9
2777,10,13,13
2778,8,19,19
2779,1,3,3
2780,15,7,10
2781,12,18,17
2782,20,19,19
2783,4,16,11
2784,9,5,2
2785,3,11,9
2786,3,18,15
2787,3,4,2
2788,1,16,5
2789,20,11,6
2790,5,11,16
2791,2,11,19
2792,10,12,19
2793,17,20,6
2794,17,18,16
2795,17,11,10
2796,19,11,13
2797,17,18,7
2798,13,1,8
2799,19,3,11
2800,4,11,13
2801,10,8,16
2802,17,6,18
2803,2,20,7
2804,7,15,14
2805,16,14,5
2806,16,12,4
2807,5,11,4
2808,3,12,6
2809,19,14,19
2810,13,17,7
2811,16,17,12
2812,10,7,7
2813,17,11,10
2814,3,11,14
2815,6,5,9
2816,14,15,17
2817,19,8,17
2818,17,9,17
2819,7,20,17
2820,18,16,9
2821,18,2,3
2822,12,8,5
2823,17,19,5
2824,7,16,16
2825,5,1,19
2826,14,7,17
2827,10,20,20
2828,19,5,16
2829,8,18,1
2830,20,19,16
2831,7,12,1
2832,5,2,16
2833,2,16,4
2834,8,5,11
2835,16,4,1
2836,6,14,19
2837,5,2,3
2838,2,10,4
2839,16,1,20
2840,10,1,10
2841,16,20,10
2842,5,9,14
2843,4,3,13
2844,5,18,6
2845,18,3,10
2846,3,9,7
2847,19,10,19
2848,2,15,17
2849,18,18,15
2850,10,10,19
2851,9,10,4
2852,11,2,3
2853,11,19,18
2854,18,15,10
2855,3,17,3
2856,11,11,17
2857,5,8,10
2858,12,5,16
2859,1,12,7
2860,3,2,2
2861,18,11,4
2862,12,11,14
2863,13,7,4
2864,15,1,13
2865,15,15,2
2866,8,18,18
2867,6,15,12
2868,19,13,17
2869,3,17,13
2870,2,3,3
2871,9,1,6
2872,2,18,11
2873,3,14,12
2874,15,8,14
2875,4,3,16
2876,11,6,5
2877,4,2,1
2878,13,15,13
2879,12,14,1
2880,16,17,17
2881,11,5,13
2882,12,4,5
2883,9,6,15
2884,10,20,7
2885,6,7,17
2886,9,14,12
2887,5,8,17
2888,15,7,1
2889,19,6,20
2890,14,7,3
2891,18,3,3
2892,15,7,6
2893,17,4,18
2894,10,14,4
2895,2,18,13
2896,8,15,19
2897,14,1,3
2898,15,11,7
2899,10,20,12
2900,11,3,9
2901,7,9,3
2902,2,9,3
2903,4,18,6
2904,1,16,14
2905,5,15,4
2906,16,11,3
2907,13,3,19
2908,2,12,14
2909,12,17,14
2910,18,8,15
2911,8,11,8
2912,2,13,4
2913,6,1,17
2914,10,16,2
2915,10,19,2
2916,9,4,19
2917,5,7,20
2918,13,17,14
2919,9,5,16
2920,8,12,7
2921,19,15,19
2922,9,6,3
2923,11,9,20
2924,7,16,10
2925,1,1,5
2926,18,2,4
2927,11,6,18
2928,2,3,10
2929,15,8,20
2930,7,20,8
2931,13,7,3
2932,15,20,4
2933,13,11,1
2934,5,13,17
2935,12,7,14
2936,13,17,2
2937,14,3,3
2938,16,3,7
2939,4,2,11
2940,8,2,14
2941,12,17,19
2942,7,7,4
2943,6,1,19
2944,1,5,6
2945,5,4,9
2946,5,19,9
2947,12,13,11
2948,16,7,15
2949,17,20,1
2950,1,1,10
2951,19,20,11
2952,2,10,8
2953,2,3,3
2954,7,1,18
2955,3,5,12
2956,11,12,15
2957,4,13,17
2958,4,19,15
2959,2,12,9
2960,5,4,16
2961,4,7,18
2962,16,18,15
2963,1,5,17
2964,7,13,2
2965,16,14,9
2966,19,3,18
2967,16,9,7
2968,5,6,5
2969,16,17,5
2970,7,11,12
2971,7,9,18
2972,20,7,16
2973,2,12,1
2974,4,16,13
2975,8,5,18
2976,11,11,5
2977,3,1,8
2978,11,20,1
2979,7,8,15
2980,12,15,18
2981,1,3,10
2982,13,11,8
2983,11,20,8
2984,3,1,2
2985,1,17,11
2986,19,3,7
2987,5,4,19
2988,6,1,17
2989,17,7,16
2990,1,10,19
2991,9,12,7
2992,11,18,9
2993,20,19,5
2994,16,13,3
2995,3,11,20
2996,3,9,11
2997,6,15,7
2998,15,11,14
2999,20,9,9
3000,14,5,18
3001,19,12,5
3002,6,7,17
3003,13,20,16
3004,19,18,18
3005,14,10,4
3006,3,11,16
3007,2,4,1
3008,11,12,15
3009,18,8,20
3010,17,10,7
3011,16,11,10
3012,16,13,10
3013,5,2,16
3014,6,11,18
3015,1,6,15
3016,3,9,9
3017,17,4,6
3018,7,13,1
3019,7,3,1
3020,20,16,15
3021,1,12,11
3022,18,12,13
3023,1,6,9
3024,2,15,7
3025,5,19,20
3026,2,17,7
3027,7,20,12
3028,8,10,1
3029,1,10,14
3030,17,17,4
3031,20,20,4
3032,11,7,4
3033,17,16,13
3034,11,16,18
3035,11,9,12
3036,8,8,5
3037,17,1,9
3038,1,20,10
3039,10,10,18
3040,20,13,4
3041,14,14,17
3042,15,20,16
3043,19,14,16
3044,15,14,14
3045,2,11,6
3046,5,20,14
3047,17,8,9
3048,11,8,1
3049,6,14,5
3050,18,1,15
3051,18,8,8
3052,8,9,4
3053,8,14,15
3054,1,17,2
3055,12,19,18
3056,18,10,8
3057,1,16,15
3058,1,11,15
3059,3,18,14
3060,11,15,15
3061,18,20,12
3062,16,10,16
3063,5,15,17
3064,7,1,1
3065,3,9,16
3066,7,2,13
3067,5,5,20
3068,18,16,1
3069,14,15,20
3070,5,6,1
3071,17,2,10
3072,3,6,20
3073,5,17,2
3074,5,6,4
3075,12,1,17
3076,9,19,16
3077,9,11,20
3078,1,2,17
3079,13,13,1
3080,7,14,16
3081,10,20,15
3082,16,18,14
3083,18,6,1
3084,11,4,3
3085,19,6,13
3086,14,2,19
3087,12,14,14
3088,20,16,10
3089,10,16,14
3090,19,13,8
3091,10,9,13
3092,16,12,11
3093,7,17,3
3094,2,3,2
3095,20,15,13
3096,5,13,19
3097,4,12,14
3098,16,7,11
3099,7,5,1
3100,2,6,17
3101,11,4,2
3102,8,15,5
3103,9,8,4
3104,15,1,6
3105,10,6,10
3106,18,15,6
3107,16,13,8
3108,6,4,18
3109,3,20,16
3110,2,1,14
3111,14,5,8
3112,9,12,19
3113,18,13,13
3114,8,4,10
3115,17,5,8
3116,14,9,11
3117,7,18,1
3118,2,7,17
3119,16,13,14
3120,18,15,6
3121,16,3,12
3122,16,11,5
3123,13,16,16
3124,14,1,14
3125,13,6,2
3126,6,12,10
3127,6,9,2
3128,6,15,2
3129,5,5,19
3130,17,8,20
3131,13,4,20
3132,14,7,6
3133,8,6,6
3134,15,8,9
3135,4,5,19
3136,15,17,3
3137,17,12,19
3138,20,11,20
3139,8,19,16
3140,18,13,17
3141,4,13,19
3142,16,8,3
3143,3,15,6
3144,12,16,1
3145,12,17,19
3146,10,20,1
3147,4,2,15
3148,10,4,15
3149,7,7,3
3150,20,2,14
3151,10,16,6
3152,9,10,19
3153,10,17,5
3154,9,8,19
3155,4,13,3
3156,11,9,13
3157,12,8,4
3158,1,17,1
3159,3,6,12
3160,9,9,20
3161,12,5,12
3162,12,7,14
3163,11,12,19
3164,2,17,16
3165,1,1,7
3166,13,19,2
3167,5,4,5
3168,1,9,4
3169,2,4,7
3170,5,17,6
3171,1,6,4
3172,7,15,11
3173,13,4,5
3174,2,2,6
3175,8,3,19
3176,19,11,20
3177,11,13,19
3178,2,20,5
3179,7,14,16
3180,15,20,9
3181,15,13,14
3182,8,16,4
3183,5,4,13
3184,19,4,3
3185,6,19,1
3186,10,12,12
3187,4,5,6
3188,18,10,2
3189,17,13,18
3190,20,19,3
3191,6,3,1
3192,15,12,12
3193,18,8,6
3194,13,17,3
3195,3,19,14
3196,6,9,16
3197,15,11,7
3198,9,10,15
3199,15,12,13
3200,10,3,5
3201,4,9,20
3202,11,15,12
3203,6,4,13
3204,20,19,12
3205,5,14,19
3206,7,15,2
3207,16,5,14
3208,16,17,11
3209,15,12,8
3210,10,7,20
3211,5,20,12
3212,11,9,15
3213,19,3,11
3214,8,19,5
3215,7,12,1
3216,15,15,19
3217,2,19,13
3218,7,14,13
3219,6,16,4
3220,13,2,1
3221,5,7,9
3222,4,8,20
3223,4,12,13
3224,18,5,20
3225,11,5,1
3226,20,15,9
3227,7,10,15
3228,6,1,5
3229,8,4,18
3230,12,11,7
3231,8,14,11
3232,19,10,17
3233,16,7,16
3234,8,2,20
3235,10,4,17
3236,13,2,14
3237,9,9,6
3238,4,12,19
3239,16,10,2
3240,1,20,14
3241,5,19,8
3242,13,9,10
3243,8,12,3
3244,8,13,14
3245,5,3,2
3246,18,5,8
3247,8,6,14
3248,18,1,15
3249,3,6,10
3250,9,19,11
3251,14,2,5
3252,7,15,15
3253,10,12,2
3254,20,4,15
3255,11,10,13
3256,12,5,15
3257,9,11,10
3258,20,10,4
3259,16,15,17
3260,16,10,12
3261,15,10,5
3262,17,5,1
3263,19,17,3
3264,14,11,18
3265,11,2,12
3266,17,5,6
3267,7,2,20
3268,18,15,7
3269,15,10,2
3270,18,7,14
3271,19,14,1
3272,10,17,3
3273,10,19,7
3274,8,17,15
3275,12,7,19
3276,4,11,12
3277,15,20,18
3278,8,20,12
3279,7,16,4
3280,1,15,5
3281,16,1,16
3282,13,20,7
3283,4,18,8
3284,6,20,3
3285,14,10,18
3286,15,20,14
3287,17,16,16
3288,20,11,9
3289,16,8,3
3290,2,11,17
3291,20,15,2
3292,18,19,8
3293,6,20,15
3294,9,19,13
3295,10,8,20
3296,8,14,3
3297,15,3,18
3298,16,10,15
3299,10,11,5
3300,4,13,16
3301,4,19,6
3302,2,13,17
3303,10,1,8
3304,14,9,20
3305,5,2,2
3306,3,19,20
3307,7,3,3
3308,20,15,16
3309,8,2,19
3310,8,11,1
3311,18,5,2
3312,16,13,16
3313,1,18,19
3314,14,1,15
3315,16,5,13
3316,20,18,16
3317,5,1,2
3318,13,5,16
3319,18,2,18
3320,6,16,16
3321,7,13,9
3322,12,3,10
3323,10,12,18
3324,4,20,3
3325,15,6,4
3326,1,9,4
3327,7,3,6
3328,8,3,14
3329,10,12,14
3330,20,8,16
3331,10,6,9
3332,18,13,13
3333,4,7,11
3334,8,6,3
3335,9,11,5
3336,1,15,4
3337,8,10,10
3338,13,13,3
3339,11,18,11
3340,18,18,10
3341,7,5,8
3342,18,2,6
3343,10,7,15
3344,11,15,16
3345,10,9,2
3346,13,17,7
3347,19,3,17
3348,6,11,18
3349,12,13,10
3350,20,16,8
3351,6,12,13
3352,13,20,15
3353,9,9,19
3354,11,1,10
3355,15,18,13
3356,18,2,14
3357,3,4,7
3358,13,20,2
3359,1,18,4
3360,7,11,3
3361,8,6,4
3362,16,15,10
3363,8,7,20
3364,8,2,20
3365,13,3,4
3366,6,18,3
3367,17,16,4
3368,2,7,18
3369,19,19,16
3370,8,13,17
3371,4,4,8
3372,2,13,8
3373,5,16,14
3374,2,15,1
3375,19,18,2
3376,16,4,11
3377,20,12,12
3378,17,14,19
3379,9,13,3
3380,20,13,14
3381,5,11,9
3382,13,13,8
3383,9,6,4
3384,18,11,17
3385,19,7,19
3386,20,2,17
3387,1,3,12
3388,14,1,16
3389,13,11,6
3390,4,17,5
3391,17,8,12
3392,3,20,2
3393,2,16,11
3394,1,11,2
3395,10,10,4
3396,19,16,1
3397,13,4,18
3398,7,10,17
3399,11,15,7
3400,7,8,16
3401,18,11,8
3402,11,3,2
3403,11,3,6
3404,6,5,12
3405,4,4,5
3406,15,2,15
3407,5,5,6
3408,13,1,12
3409,1,18,6
3410,19,7,18
3411,13,17,3
3412,12,12,4
3413,18,10,15
3414,13,12,7
3415,1,2,14
3416,19,5,7
3417,10,15,7
3418,1,20,17
3419,11,13,1
3420,6,1,15
3421,1,16,17
3422,11,6,6
3423,15,16,14
3424,9,4,8
3425,8,7,12
3426,11,15,7
3427,1,16,17
3428,5,17,17
3429,9,6,13
3430,7,13,17
3431,9,19,15
3432,4,11,14
3433,3,7,3
3434,17,3,15
3435,6,6,10
3436,12,12,9
3437,11,18,9
3438,4,17,17
3439,13,11,15
3440,14,6,13
3441,12,13,20
3442,6,13,6
3443,12,14,19
3444,9,16,8
3445,17,13,8
3446,12,7,2
3447,14,12,7
3448,12,1,14
3449,8,1,1
3450,13,4,9
3451,4,9,1
3452,6,13,19
3453,12,14,13
3454,5,12,6
3455,9,13,16
3456,9,16,17
3457,9,5,1
3458,1,5,19
3459,18,14,17
3460,7,13,7
3461,19,19,17
3462,10,13,6
3463,14,17,13
3464,14,7,6
3465,10,20,3
3466,14,7,14
3467,19,11,18
3468,14,6,5
3469,14,7,13
3470,9,17,15
3471,6,16,10
3472,16,10,10
3473,10,16,2
3474,1,17,8
3475,9,4,15
3476,5,4,3
3477,7,2,3
3478,2,1,4
3479,18,12,8
3480,8,5,15
3481,2,17,5
3482,3,8,2
3483,8,4,16
3484,4,6,20
3485,19,2,13
3486,1,19,4
3487,5,4,4
3488,10,2,9
3489,13,3,1
3490,1,9,2
3491,16,20,4
3492,9,20,13
3493,4,9,11
3494,3,14,6
3495,16,17,1
3496,8,4,9
3497,14,16,9
3498,1,12,16
3499,8,19,13
3500,18,13,8
3501,12,18,5
3502,2,18,20
3503,5,5,11
3504,9,4,13
3505,10,4,11
3506,13,20,3
3507,14,18,7
3508,5,14,15
3509,4,16,5
3510,11,9,10
3511,12,11,11
3512,6,8,16
3513,19,20,17
3514,16,17,9
3515,3,1,5
3516,4,18,2
3517,6,6,12
3518,9,9,8
3519,5,20,15
3520,18,2,2
3521,19,9,1
3522,16,2,3
3523,3,16,18
3524,6,19,13
3525,7,1,6
3526,13,11,2
3527,10,3,1
3528,6,2,16
3529,10,7,9
3530,15,2,11
3531,16,5,7
3532,4,2,13
3533,13,1,13
3534,6,10,10
3535,11,12,12
3536,16,18,8
3537,13,4,1
3538,7,13,10
3539,16,19,19
3540,5,20,20
3541,11,12,8
3542,14,12,13
3543,11,19,12
3544,20,8,10
3545,20,15,5
3546,20,6,14
3547,19,19,3
3548,2,1,9
3549,2,19,13
3550,18,18,5
3551,12,16,19
3552,13,18,10
3553,6,1,19
3554,16,13,13
3555,8,10,12
3556,10,5,9
3557,6,19,16
3558,13,9,16
3559,18,5,3
3560,14,18,9
3561,19,16,3
3562,3,7,19
3563,2,4,16
3564,20,4,19
3565,19,1,17
3566,16,15,15
3567,18,8,10
3568,17,3,3
3569,1,20,17
3570,5,9,2
3571,4,5,10
3572,9,3,6
3573,17,13,19
3574,15,13,5
3575,18,12,17
3576,9,15,14
3577,6,4,18
3578,9,20,17
3579,20,18,17
3580,20,13,13
3581,18,12,18
3582,6,1,2
3583,11,7,2
3584,15,16,15
3585,8,20,12
3586,7,6,20
3587,12,9,20
3588,3,6,19
3589,15,6,14
3590,8,19,13
3591,7,9,6
3592,10,5,14
3593,7,17,3
3594,15,14,2
3595,11,8,13
3596,6,14,2
3597,3,4,2
3598,11,15,12
3599,7,18,7
3600,3,11,20
3601,16,2,11
3602,14,6,19
3603,18,3,10
3604,14,7,20
3605,11,8,17
3606,5,3,18
3607,10,5,16
3608,20,13,12
3609,8,13,18
3610,7,20,20
3611,6,10,10
3612,13,6,20
3613,15,19,16
3614,11,16,5
3615,13,8,2
3616,18,12,6
3617,4,2,4
3618,6,19,17
3619,14,15,20
3620,20,9,1
3621,14,8,16
3622,7,17,12
3623,8,8,4
3624,7,15,14
3625,4,2,2
3626,5,11,5
3627,19,19,20
3628,10,6,3
3629,1,20,6
3630,17,19,15
3631,13,15,1
3632,6,5,14
3633,2,6,5
3634,15,13,18
3635,9,1,11
3636,1,13,4
3637,2,14,12
3638,4,3,14
3639,10,4,2
3640,20,15,2
3641,2,4,12
3642,3,9,7
3643,5,17,19
3644,11,19,14
3645,5,8,9
3646,3,14,1
3647,18,4,13
3648,4,15,16
3649,15,16,12
3650,2,20,4
3651,3,3,10
3652,11,19,20
3653,18,10,9
3654,15,12,11
3655,13,16,20
3656,19,12,20
3657,5,9,17
3658,9,18,6
3659,7,18,3
3660,19,19,10
3661,7,2,3
3662,8,9,17
3663,4,13,5
3664,1,11,15
3665,3,19,13
3666,1,19,19
3667,15,5,12
3668,20,19,20
3669,1,11,7
3670,2,14,14
3671,7,6,14
3672,4,3,11
3673,7,11,14
3674,16,4,8
3675,19,5,12
3676,16,9,7
3677,6,19,17
3678,17,7,5
3679,20,12,1
3680,13,18,11
3681,10,6,14
3682,2,16,18
3683,9,6,13
3684,19,6,16
3685,12,11,6
3686,12,11,12
3687,1,8,16
3688,19,19,7
3689,8,7,10
3690,6,6,2
3691,5,17,12
3692,16,20,3
3693,14,16,11
3694,20,2,15
3695,14,12,8
3696,16,16,17
3697,11,16,2
3698,12,18,7
3699,10,6,16
3700,20,3,15
3701,17,17,12
3702,9,5,5
3703,20,1,13
3704,2,7,7
3705,8,5,10
3706,15,8,1
3707,2,20,2
3708,11,16,14
3709,11,7,2
3710,14,10,13
3711,19,3,2
3712,17,6,13
3713,19,12,14
3714,2,8,15
3715,10,6,4
3716,8,4,20
3717,10,3,10
3718,2,20,16
3719,1,4,14
3720,20,12,20
3721,13,11,14
3722,14,20,10
3723,10,1,15
3724,20,4,20
3725,9,6,4
3726,19,15,1
3727,9,4,16
3728,11,5,9
3729,19,1,10
3730,16,12,19
3731,9,8,16
3732,14,13,14
3733,19,6,16
3734,16,18,2
3735,13,20,14
3736,4,18,17
3737,1,4,1
3738,5,10,7
3739,6,9,5
3740,17,1,11
3741,8,5,11
3742,1,12,8
3743,6,17,16
3744,2,3,2
3745,7,18,14
3746,4,12,3
3747,15,6,14
3748,17,12,10
3749,8,4,2
3750,5,20,20
3751,20,18,10
3752,12,12,10
3753,12,19,11
3754,16,13,10
3755,6,18,4
3756,1,1,20
3757,12,3,15
3758,4,10,2
3759,14,3,5
3760,16,10,20
3761,18,18,11
3762,18,8,18
3763,8,5,10
3764,7,7,7
3765,2,4,6
3766,3,6,20
3767,12,5,20
3768,7,3,15
3769,3,18,15
3770,6,10,16
3771,4,16,6
3772,16,12,11
3773,8,11,13
3774,14,10,16
3775,2,9,17
3776,11,3,15
3777,8,9,12
3778,18,15,19
3779,20,11,4
3780,17,18,6
3781,7,8,10
3782,7,15,10
3783,10,18,8
3784,1,17,1
3785,20,14,13
3786,5,18,13
3787,15,8,8
3788,13,16,16
3789,3,12,11
3790,9,15,6
3791,18,9,1
3792,20,12,10
3793,11,11,3
3794,13,13,1
3795,12,13,14
3796,17,13,18
3797,10,5,5
3798,19,11,15
3799,12,20,19
3800,6,19,1
3801,15,8,13
3802,17,20,6
3803,19,5,14
3804,13,2,20
3805,13,12,18
3806,9,16,6
3807,14,12,6
3808,9,3,17
3809,16,13,3
3810,4,5,15
3811,13,5,10
3812,17,10,1
3813,18,15,15
3814,13,14,5
3815,15,15,9
3816,9,2,12
3817,16,4,10
3818,16,14,7
3819,17,17,15
3820,17,17,20
3821,13,14,12
3822,11,5,14
3823,20,16,18
3824,11,5,5
3825,11,7,17
3826,1,19,16
3827,1,2,1
3828,10,10,20
3829,8,10,9
3830,4,15,19
3831,5,3,1
3832,9,2,5
3833,4,11,7
3834,19,10,5
3835,8,9,18
3836,15,4,17
3837,18,5,9
3838,16,8,2
3839,4,12,16
3840,16,13,8
3841,14,9,13
3842,3,13,8
3843,2,1,10
3844,17,18,14
3845,11,3,15
3846,14,2,2
3847,17,19,15
3848,14,19,11
3849,2,8,12
3850,16,11,11
3851,14,1,14
3852,8,14,4
3853,2,20,9
3854,15,6,19
3855,4,4,3
3856,17,13,1
3857,19,3,20
3858,7,20,10
3859,18,19,7
3860,4,11,6
3861,15,7,15
3862,3,3,8
3863,2,7,5
3864,9,7,8
3865,3,11,1
3866,17,1,7
3867,7,14,17
3868,9,13,2
3869,8,10,2
3870,16,4,8
3871,4,7,12
3872,12,14,10
3873,11,6,19
3874,12,16,16
3875,3,13,20
3876,12,12,7
3877,5,12,2
3878,16,9,13
3879,2,8,14
3880,16,14,18
3881,13,14,18
3882,8,20,15
3883,1,15,20
3884,9,2,5
3885,7,14,4
3886,11,5,6
3887,8,14,15
3888,3,15,12
3889,1,17,17
3890,5,16,5
3891,11,10,4
3892,13,4,3
3893,8,11,7
3894,16,14,17
3895,6,17,19
3896,1,9,12
3897,4,1,10
3898,1,2,2
3899,7,19,18
3900,14,14,6
3901,15,7,8
3902,13,2,1
3903,6,14,17
3904,4,7,1
3905,19,1,4
3906,3,7,3
3907,13,5,13
3908,19,8,4
3909,7,10,18
3910,12,3,15
3911,18,4,16
3912,16,5,9
3913,6,6,2
3914,4,17,9
3915,1,16,13
3916,2,5,11
3917,8,12,16
3918,10,1,2
3919,11,8,5
3920,12,14,19
3921,16,16,16
3922,2,17,17
3923,2,3,11
3924,7,16,15
3925,3,3,14
3926,20,6,18
3927,10,4,16
3928,8,16,17
3929,20,6,4
3930,4,9,13
3931,19,11,7
3932,16,14,8
3933,9,7,9
3934,16,20,8
3935,11,19,13
3936,20,19,20
3937,9,20,1
3938,5,17,20
3939,17,20,12
3940,12,7,15
3941,2,9,18
3942,1,1,20
3943,6,13,8
3944,11,4,19
3945,8,16,17
3946,19,5,4
3947,13,1,11
3948,5,16,17
3949,4,12,6
3950,10,20,13
3951,6,3,3
3952,15,9,17
3953,13,15,20
3954,19,11,3
3955,20,2,7
3956,17,4,12
3957,3,19,1
3958,3,12,18
3959,1,20,10
3960,17,2,13
3961,11,14,7
3962,8,18,1
3963,9,9,20
3964,8,20,19
3965,2,1,4
3966,17,12,12
3967,6,3,15
3968,15,13,16
3969,13,16,20
3970,15,20,16
3971,14,17,9
3972,18,18,5
3973,9,11,16
3974,6,4,9
3975,13,14,3
3976,5,2,18
3977,6,19,10
3978,13,16,11
3979,4,1,13
3980,19,4,15
3981,16,17,19
3982,8,3,18
3983,20,10,7
3984,9,2,6
3985,4,2,13
3986,17,1,8
3987,3,8,17
3988,10,7,13
3989,7,3,15
3990,10,11,8
3991,8,4,6
3992,6,17,13
3993,8,20,13
3994,9,1,20
3995,11,5,2
3996,2,17,8
3997,11,18,2
3998,15,5,4
3999,7,14,16
